**************************
SYSTEMATIC SITUATION: 
**************************
JESUP SYST
**************************
file number 1: ~/work/samples/postMoriond/Aug2013/WW.root
I am in tree = 0
inDirect
treeName: WW_2J_1T_JESUp
WW_2J_1T_JESUp	0x2ac4f20
0x2ac4f20 tree afterward
WW_2J_1T_JESUp
2605
72.0908
56.3348
121.836
62.5854
15.8116
46.1538
49.0423
14.5504
75.4374
35.7807
52.2039
22.5409
63.8212
92.1771
58.1902
14.5822
57.1026
39.2789
76.2253
79.1163
46.9526
66.0821
92.7512
82.4016
53.7602
59.9686
64.5988
93.41
20.7514
114.754
80.6568
185.737
MET does not have solution even after MET smearing.
The solution is returned as if Delta was zero ...
61.8511
50.1683
17.2978
63.789
128.895
50.9811
14.5847
59.0386
18.3608
56.1451
102.238
50.001
57.8543
44.6331
85.6921
94.7696
2.83678
8.527
56.1055
1.92873
64.941
2.29064
36.3811
62.5991
47.6529
136.453
MET does not have solution even after MET smearing.
The solution is returned as if Delta was zero ...
111.025
76.9742
78.2301
84.6564
55.376
61.0735
26.9225
71.3024
68.7268
48.6481
37.2879
85.159
12.3678
40.2612
9.18293
54.4575
77.0412
2.74799
81.7786
69.8825
61.4047
71.0126
44.7205
59.4326
6.20884
65.6713
74.4951
100.668
44.4321
64.4489
80.7852
73.2203
43.0307
89.4633
81.5405
77.5641
87.7524
59.1578
88.8328
39.1285
77.6833
14.5731
84.7092
68.538
87.1403
77.0413
121.751
63.9507
36.2116
86.2725
61.7567
28.9784
94.069
74.1524
43.0644
80.1936
27.7247
48.8036
26.9666
88.7557
3.64202
38.127
76.048
86.9312
47.4746
113.152
91.3949
42.3135
20.8426
57.0545
39.1366
77.8154
38.8024
53.5002
39.3068
72.8152
30.5995
13.6377
82.819
31.8139
49.3782
31.3225
37.5444
88.4005
213.972
3.89129
89.8817
60.0062
81.9566
82.4385
101.886
26.2296
94.3235
23.2699
59.9554
78.6061
50.3617
13.9671
82.836
112.338
50.5454
97.9892
40.6456
85.7608
30.9481
4.84771
31.339
47.4434
75.2087
38.7985
56.4498
79.9427
113.028
18.5695
59.6833
71.792
91.0091
67.4749
70.6144
64.4436
6.76766
36.4961
113.342
69.3459
25.7612
76.2779
94.55
55.6746
103.027
70.031
3.63678
97.6257
132.228
76.8611
99.3981
69.9424
109.921
72.4602
70.7225
7.59514
12.8065
13.4727
79.2109
85.7136
65.0571
125.857
64.5298
76.1739
74.6229
47.7683
19.9493
89.3141
65.9023
34.1983
35.1147
86.2792
54.0023
75.3542
37.0413
75.19
48.9655
96.7005
27.1885
20.597
71.1821
85.6347
100.822
48.8283
87.5217
66.9645
85.2026
64.264
37.4912
64.0187
70.2946
8.47078
30.6331
67.9131
90.7227
60.9083
34.6512
41.0147
88.3753
213.652
MET does not have solution even after MET smearing.
The solution is returned as if Delta was zero ...
58.6663
113.701
45.3268
86.5406
111.123
95.3015
58.7142
57.3442
42.0641
32.593
67.4783
49.9313
57.2071
69.2543
74.5708
122.262
75.3074
83.8437
39.8322
44.7976
45.2132
51.8801
95.1422
67.0108
84.669
114.408
81.5457
52.8249
116.936
150.066
MET does not have solution even after MET smearing.
The solution is returned as if Delta was zero ...
14.2581
79.0935
39.4788
90.3526
73.8664
46.5201
62.6344
20.0447
85.0427
53.6818
74.432
89.8988
96.9639
46.8635
29.1349
59.024
13.2318
72.9474
38.0989
81.1803
110.615
70.3793
98.8247
75.5516
56.6516
96.6776
24.3384
47.8408
65.6606
67.3468
17.5265
14.0318
14.211
51.6202
67.4374
62.2842
43.5202
65.0642
131.298
MET does not have solution even after MET smearing.
The solution is returned as if Delta was zero ...
79.5535
62.4076
82.4086
43.6004
63.9041
15.2773
53.0313
137.761
MET does not have solution even after MET smearing.
The solution is returned as if Delta was zero ...
49.7576
78.799
57.4931
54.9832
198.463
MET does not have solution even after MET smearing.
The solution is returned as if Delta was zero ...
66.6553
82.7375
85.4408
82.7535
78.3892
75.6495
75.1352
49.2453
51.3983
69.3154
93.2881
88.1735
19.1588
61.0163
86.6471
96.9364
71.8767
69.9258
103.403
82.0037
63.1444
74.7065
59.6183
41.9748
12.56
80.9189
50.0404
71.5072
38.6823
52.0214
75.4117
54.577
5.97853
49.3677
18.188
66.1526
27.7872
96.1876
83.4197
65.9741
81.4639
80.5586
114.895
87.8496
47.6953
23.8126
89.5263
70.4932
61.9267
35.1375
67.7228
87.0879
92.8091
62.1124
84.4715
22.4164
97.1729
53.4509
83.2133
47.8885
108.326
73.8457
11.0064
86.8073
66.0666
19.9542
17.2974
93.857
85.288
66.4135
29.1842
5.47949
77.9804
75.3133
8.81142
23.1966
66.6006
73.6038
86.4764
31.6131
90.6532
74.1237
69.9899
65.3703
3.23661
70.9578
92.4382
74.363
66.0317
15.9252
62.3647
76.8411
69.3874
151.32
MET does not have solution even after MET smearing.
The solution is returned as if Delta was zero ...
40.47
92.7684
15.0432
67.8575
43.3943
88.3034
73.2828
58.3111
54.4254
102.916
95.5272
82.924
82.7644
81.4351
66.9996
55.4869
63.7543
46.3103
123.447
MET does not have solution even after MET smearing.
The solution is returned as if Delta was zero ...
6.49869
85.0626
71.9851
79.6586
42.787
51.5349
24.7174
62.1378
102.787
138.228
MET does not have solution even after MET smearing.
The solution is returned as if Delta was zero ...
16.1054
46.8282
77.5309
113.245
49.774
82.4229
97.8627
66.5561
20.6291
78.9916
11.8366
145.75
62.6924
72.6
85.8762
203.542
MET does not have solution even after MET smearing.
The solution is returned as if Delta was zero ...
67.7184
81.932
56.1719
66.0698
69.3826
91.7316
53.9327
0.0230286
114.979
13.3255
51.7639
4.81068
91.3298
51.4556
42.1414
97.8574
37.8622
72.134
54.6545
100.596
76.3937
38.1053
9.19874
98.9694
83.1543
48.1985
64.561
55.7359
72.429
58.1561
68.6529
48.853
20.3403
75.879
77.1878
99.1519
44.6501
60.6545
17.7131
68.3853
14.0143
70.1875
26.5321
87.2798
64.0952
155.334
42.2482
3.71532
83.1737
53.1261
16.0565
4.92774
31.3441
89.5097
59.2352
67.947
89.6238
61.3404
117.453
65.7796
50.7158
107.906
63.9102
26.4971
32.5138
36.027
20.27
86.5311
63.5776
47.3749
150.236
32.3076
19.2628
14.7869
64.5759
40.5152
81.6601
67.7749
91.154
29.3064
4.0887
83.7835
31.0275
46.5197
15.3971
79.6001
105.838
60.1866
81.2892
57.5986
55.5112
14.6141
63.1909
64.7939
101.107
57.9148
11.5275
83.8476
63.3813
106.848
33.6648
45.0253
65.3498
89.7715
72.7928
2.29488
38.4983
49.7414
102.389
68.3207
66.1662
108.52
57.1378
47.8377
71.9897
90.7462
91.0394
96.1218
69.7147
111.465
83.1491
74.8442
8.8646
72.3292
68.6752
125.821
75.7053
75.1051
84.8549
20.741
76.4191
87.3735
39.3416
84.6892
28.196
26.28
69.2542
103.823
114.967
80.749
13.6807
87.1045
22.8857
40.8857
66.5573
46.1361
52.1544
39.4407
23.7451
5.41664
102.678
36.7414
83.6916
58.1231
66.7024
12.6992
87.7429
108.002
26.6399
44.8229
95.5227
49.2424
98.5387
107.113
54.6752
95.3532
40.5168
88.7465
60.4228
43.4572
80.8527
77.8051
4.59943
70.1731
78.0934
29.0315
41.9083
101.728
79.1303
7.94666
3.68603
67.4508
102.973
67.9903
74.6845
84.9221
84.9921
76.1569
46.4147
43.0746
66.2461
21.0233
83.6079
77.5355
83.2152
28.2569
24.4754
34.801
23.9747
44.5954
42.7482
46.9431
90.8183
46.3431
84.931
24.5569
118.993
36.9787
66.0986
81.5061
62.0906
89.6782
101.14
99.4374
45.6617
82.5671
33.2627
74.8052
1.45694
32.2736
63.2087
79.6805
57.4298
88.1814
81.7348
5.7749
53.0959
79.5229
68.2513
64.6599
91.5165
5.14222
117.139
85.1468
135.257
188.065
MET does not have solution even after MET smearing.
The solution is returned as if Delta was zero ...
90.3175
9.24202
84.794
65.4415
46.0419
96.4006
85.2554
86.8998
72.146
95.1184
171.494
MET does not have solution even after MET smearing.
The solution is returned as if Delta was zero ...
63.0369
79.763
45.3637
10.839
55.8969
73.4219
83.8512
58.9787
63.1085
5.03438
85.166
7.40043
94.8596
11.8797
55.933
76.9251
40.9239
41.3074
12.4125
20.9592
94.9056
88.553
112.688
78.2397
80.6367
86.4256
71.0485
103.244
34.5841
6.91305
74.529
25.5293
70.8463
23.7819
89.3216
36.4268
25.8692
19.5232
64.8839
80.0449
78.5689
1.55174
72.6192
48.8296
77.2183
48.5604
112.895
61.0446
84.4976
31.091
60.3675
15.0562
37.5768
13.5296
101.924
121.261
73.183
43.7479
84.303
82.8734
91.4187
72.6662
100.628
51.2449
70.3735
84.8112
104.185
88.4809
88.4344
89.4408
65.2193
42.2901
84.6665
12.428
35.1573
108.049
76.4827
56.8585
64.7343
91.5024
32.3435
56.129
98.5985
82.0069
46.0443
93.8772
34.7659
32.6127
65.9399
36.8257
84.0816
77.753
67.8029
99.2504
20.4837
89.0446
70.3382
80.358
115.346
81.0833
73.4362
9.23011
46.1139
73.3779
78.0925
79.7135
106.728
53.4519
43.1639
63.3756
29.3019
53.4445
60.9162
76.8623
259.01
MET does not have solution even after MET smearing.
The solution is returned as if Delta was zero ...
68.7092
71.037
68.1182
100.244
57.9141
100.57
75.1763
119.335
49.1022
13.8161
74.3551
0.714368
58.3536
62.8728
21.2724
71.7214
87.1212
8.53856
92.7492
67.2857
60.0426
44.9426
17.6867
194.424
MET does not have solution even after MET smearing.
The solution is returned as if Delta was zero ...
81.5378
79.9976
96.5998
33.9636
43.3172
59.8059
48.8224
33.8359
52.8319
87.6817
113.444
50.7618
5.34472
57.5962
36.3422
80.8476
98.2514
43.4135
37.582
87.735
101.679
93.9896
83.341
79.7229
43.6142
77.519
74.4492
54.8698
82.1504
104.844
62.4358
67.6815
73.2751
100.93
117.296
70.9268
94.9539
79.2331
57.0931
2.03445
16.778
86.7056
64.3665
153.039
101.471
71.8119
110.123
64.1982
24.1572
98.6615
128.033
40.6773
78.4974
18.6882
45.7874
25.7701
61.38
115.714
68.6989
10.048
0.666637
19.6412
4.77628
37.0487
79.485
64.9209
64.8372
51.9024
130.454
MET does not have solution even after MET smearing.
The solution is returned as if Delta was zero ...
60.2981
36.8358
86.9588
83.5629
36.6054
0.693302
167.364
36.9662
45.5366
41.1707
83.76
48.9554
55.09
74.6908
55.3277
109.474
112.295
83.4649
38.4667
57.5738
63.199
101.672
96.8124
9.68561
305.88
MET does not have solution even after MET smearing.
The solution is returned as if Delta was zero ...
60.9867
44.9416
70.4221
76.747
110.962
117.496
93.1261
51.4534
72.5383
49.8828
84.2996
95.8922
51.5519
84.5524
63.0787
54.143
83.2375
61.0707
91.5347
56.9507
82.0471
9.49692
94.1384
98.644
41.504
4.4355
62.687
2.55103
29.9371
91.7592
99.2307
98.0376
64.8565
142.498
MET does not have solution even after MET smearing.
The solution is returned as if Delta was zero ...
111.182
23.648
0.783905
38.8143
60.0815
113.053
32.2584
33.2751
91.2758
14.8061
112.051
56.7148
36.4164
30.3664
77.081
89.3411
1.88122
22.6305
104.748
57.9843
82.59
88.5965
94.1703
115.21
64.939
62.7627
87.1524
103.911
89.1771
88.2272
71.8202
83.4315
131.699
6.33533
80.7138
8.08246
61.9424
59.3768
75.7573
9.15918
30.9833
51.4348
46.8313
55.5427
82.9414
81.2651
93.0028
69.117
35.6328
13.4597
16.4831
44.3402
8.24125
5.93763
101.518
13.0573
99.2254
85.423
38.8108
41.9384
63.1262
8.10327
45.8842
99.8446
58.0068
42.8096
17.3843
89.8053
82.9024
75.1884
34.6147
69.2507
69.5418
83.4685
16.3897
44.2535
66.4457
78.3298
67.7483
72.9343
95.4196
72.0834
130.103
51.1731
40.1134
14.1323
99.7264
53.4814
32.503
10.258
51.6009
7.26596
60.3048
62.3578
54.4194
57.5257
6.53112
37.2099
69.1428
25.751
73.2397
95.4616
38.9156
36.5609
84.7571
85.8516
99.9287
68.6307
16.0809
67.4635
42.2261
93.9316
60.7706
72.6784
69.6487
78.9814
56.4814
96.7893
79.7185
88.3432
7.64188
70.5062
75.8911
107.088
67.8469
30.7644
135.135
MET does not have solution even after MET smearing.
The solution is returned as if Delta was zero ...
69.8763
56.737
19.0896
76.6997
37.2911
84.5316
80.7143
70.629
345.564
MET does not have solution even after MET smearing.
The solution is returned as if Delta was zero ...
49.9214
77.5733
62.6104
98.6459
77.0598
40.8813
19.1736
71.9878
43.6425
52.4968
88.0747
83.288
67.828
90.7812
55.1029
61.33
107.95
33.5253
97.2363
62.1101
81.7805
83.2501
97.1923
88.2678
73.0803
45.4391
66.482
12.7318
96.125
44.4618
74.2698
88.7947
73.6376
92.7172
74.7176
17.5216
68.0858
99.2855
125.147
93.1048
53.7511
81.8972
33.5563
16.3961
40.4821
48.4559
87.0768
69.8739
134.205
51.1527
33.2345
25.0277
71.6787
81.9116
45.7067
73.7189
198.955
MET does not have solution even after MET smearing.
The solution is returned as if Delta was zero ...
89.293
63.8616
59.5966
67.5906
44.0592
24.1779
27.5478
158.866
64.8988
72.772
97.0585
21.1286
62.5669
57.7134
25.1653
52.651
73.7216
66.0603
86.56
43.9325
51.6175
10.5139
32.3951
101.348
89.8212
72.9706
80.5232
86.0251
82.0076
74.6533
71.2653
77.2205
12.2979
18.4232
20.7458
106.263
21.7226
3.43807
87.6352
50.4997
70.5447
34.5569
92.2951
49.2318
56.2096
88.4788
82.9675
83.9642
77.7792
71.3205
47.8205
109.394
93.9229
69.5056
49.3071
84.6563
90.0552
68.4989
50.9678
71.4857
24.0378
45.7733
83.0734
86.4928
65.3901
18.1503
60.9131
112.88
51.7637
92.5727
66.403
70.782
82.948
106.647
93.8122
63.2733
126.699
11.3622
72.3657
48.5822
60.8942
99.8667
60.1203
18.244
94.1469
90.4997
34.8259
87.7547
75.5159
67.2387
82.8322
216.82
MET does not have solution even after MET smearing.
The solution is returned as if Delta was zero ...
87.4244
44.6106
75.7414
67.951
87.779
90.3156
100.652
78.4208
76.9902
72.437
86.2129
89.4908
74.1234
78.1227
28.8086
12.2541
49.2257
71.6639
89.7632
83.0012
21.7478
67.1929
47.0543
38.2697
59.5575
104.661
72.228
39.8738
82.2757
16.072
78.5815
91.626
124.829
93.8263
41.1802
92.1585
43.6613
54.224
49.2105
27.2365
82.4536
2.78421
50.7147
46.1321
63.793
38.7064
55.004
52.1505
49.2184
101.525
29.1346
99.4471
103.293
17.7358
110.792
63.0312
80.4081
91.0497
69.4417
39.9351
117.511
65.213
89.4097
97.0868
38.9163
103.651
5.66667
56.2457
56.5221
79.0742
50.8608
97.6252
99.0679
74.9052
34.6497
86.0684
42.1258
102.507
48.6144
76.841
101.387
55.8659
78.18
152.128
105.209
32.7069
7.90874
1.37317
63.9218
85.5629
39.7648
48.9763
94.4661
64.1821
74.9043
70.1267
61.9751
79.7375
68.8697
66.4473
28.1202
0.00159324
75.6744
7.98845
55.2226
65.0177
65.3408
128.188
97.661
55.5989
37.2362
34.3852
110.371
55.5543
14.7331
36.808
45.9067
66.9474
75.1696
77.5826
7.36669
94.3279
59.8165
59.7749
92.1327
48.9676
89.1806
4.60174
53.8167
25.3507
69.1882
75.959
59.9311
90.4923
51.3095
82.7899
4.9586
44.0657
102.982
32.8076
48.6812
31.3608
46.3421
39.1825
15.9605
17.9802
27.9146
86.0664
54.9672
88.0713
45.1852
96.0332
86.4764
61.3627
47.2037
21.38
66.7278
86.8843
113.747
51.5413
56.7706
41.152
59.4565
64.2029
93.4601
49.1469
98.8992
19.8235
57.144
88.5044
57.7372
10.4639
8.72246
23.1755
51.6197
105.876
97.0466
35.2006
70.4909
68.4852
110.222
28.6172
31.6981
96.1864
14.6547
17.0327
93.4575
48.26
58.6229
92.0103
9.30585
4.14434
100.215
77.2567
77.0805
75.1962
44.9147
23.9779
72.8482
90.2356
69.1155
73.7934
63.144
110.416
87.4928
79.9335
55.295
13.0746
136.792
99.0546
72.803
24.3928
88.0026
65.3957
114.14
83.8469
32.6155
90.2503
50.7346
81.7209
64.6619
53.8851
21.3273
53.413
8.08913
100.165
41.2676
77.177
66.7484
87.5651
100.66
61.6857
72.7521
24.5114
90.5875
68.7458
45.3482
83.4453
83.0573
67.5191
76.4506
88.7083
67.3495
78.9537
64.4615
39.5142
113.053
82.8066
34.4954
74.0123
46.6858
35.4086
67.8945
48.508
2.56471
90.0509
89.7964
0.214062
98.9937
84.402
105.062
129.199
101.979
62.5449
88.4407
77.7408
74.4838
115.158
76.6743
44.906
49.3154
33.5174
82.0364
68.3357
54.0641
45.224
34.8607
23.0617
26.5339
84.6387
108.196
31.8623
45.9229
113.71
94.7911
74.4117
69.7519
92.4382
78.3481
12.3489
29.3981
223.199
MET does not have solution even after MET smearing.
The solution is returned as if Delta was zero ...
97.1896
57.6339
79.3841
32.0254
47.8284
58.9304
95.3454
97.3343
78.3317
60.1005
88.517
42.1871
44.0003
58.1676
58.642
96.7371
18.2977
83.8241
53.4579
109.137
87.9728
36.1102
41.5549
74.2613
108.189
19.4139
83.6569
88.2627
79.0804
14.7861
69.1038
13.6439
73.9564
73.7762
91.4061
11.7942
57.0593
61.3453
48.9049
108.62
68.2324
93.1793
128.896
77.6913
97.6326
57.4418
24.84
72.5816
47.1189
72.6691
51.8402
80.0833
96.986
92.0576
93.8777
85.4357
110.776
40.2433
90.0069
54.5778
70.118
70.194
48.9931
95.1455
117.405
57.4553
66.849
30.1206
62.1559
60.2649
77.116
78.134
34.2068
98.5364
29.8537
62.365
77.5472
56.0435
20.4501
48.0001
73.3821
77.5442
71.9048
26.9104
88.4929
59.5366
94.9719
11.2183
55.6202
94.547
29.9605
74.4498
50.8715
35.9952
91.5257
24.2847
60.1654
73.1914
43.3157
86.6872
44.4798
98.8626
29.8503
89.5556
25.203
95.7756
28.5991
69.5257
93.1993
63.461
2.38254
64.7411
66.4586
63.1336
73.0869
102.462
69.5805
87.6988
36.5187
58.2659
97.7631
76.1184
77.1696
100.254
53.0009
39.0722
27.823
80.2033
81.5355
69.6699
298.994
102.071
11.6177
70.0262
85.3997
73.7306
45.711
39.4497
70.3017
50.0477
77.6515
43.6962
96.826
24.7849
299.216
MET does not have solution even after MET smearing.
The solution is returned as if Delta was zero ...
57.0461
97.2106
69.3686
35.8458
12.5257
34.9081
45.7633
306.522
14.1984
59.598
30.7432
85.1954
62.2688
40.0465
76.8031
90.4857
42.8791
45.5969
91.3375
63.6527
56.26
34.5624
53.0761
65.6838
80.1703
118.45
5.3751
73.4902
32.6284
103.451
105.7
66.8642
11.1428
20.3579
86.4275
58.9128
4.7939
37.8245
92.8008
41.058
59.6377
77.6611
93.3661
23.0786
27.1754
87.4506
76.8193
81.8955
44.6001
28.3504
135.502
24.39
75.798
88.645
57.3124
33.0996
68.2522
15.8788
23.3658
70.8758
10.0728
88.2353
129.534
56.7586
74.9864
60.9269
48.1521
56.9796
24.1124
57.8317
81.0949
53.5197
31.9881
9.31925
118.742
82.1801
66.486
53.5286
53.8669
87.5281
27.1539
81.6152
97.4061
48.346
59.7767
38.7975
44.9011
90.1088
78.2624
48.8769
21.3696
15.8238
82.7562
63.9541
81.9826
76.9619
93.8868
67.4847
70.4624
12.1081
31.2172
74.5782
126.229
MET does not have solution even after MET smearing.
The solution is returned as if Delta was zero ...
89.3499
55.6876
103.241
92.6765
39.2632
80.3427
80.2451
11.0961
94.7317
62.8726
74.828
75.7467
34.3578
79.1742
145.377
MET does not have solution even after MET smearing.
The solution is returned as if Delta was zero ...
64.2302
5.10646
4.39169
75.0976
43.7945
98.1683
32.6989
81.1501
99.6314
76.1842
45.4931
15.8618
61.4889
10.5472
68.5478
53.9349
62.0713
92.3759
26.6445
69.9187
50.1579
62.5017
24.4247
49.1941
57.6087
26.6887
58.2883
58.5357
51.9881
70.1177
44.6901
124.628
132.109
46.8208
0.830701
9.08524
58.7218
51.4194
52.5563
85.7201
26.8486
200.135
71.806
80.7134
45.6086
6.73378
17.6989
78.0818
89.1759
71.4987
96.4144
43.6505
82.75
28.8457
40.5984
58.3716
80.8917
40.1152
33.2368
70.722
35.391
64.0562
109.493
45.436
66.2293
43.721
53.4526
89.8833
73.1011
73.8246
27.2633
26.8598
42.8574
49.0948
60.4862
51.2651
107.752
12.5102
120.457
78.1669
77.2388
84.2814
130.555
MET does not have solution even after MET smearing.
The solution is returned as if Delta was zero ...
70.6243
35.7913
75.9636
67.685
42.7936
74.3949
91.9549
61.0992
58.6119
57.0693
56.2973
66.9416
71.587
89.4399
17.5856
55.3759
53.6568
82.0002
22.9292
21.5818
22.5636
33.2079
7.35069
9.03084
25.8896
39.652
22.8291
107.031
446.197
40.9647
6.96994
14.2052
91.8156
62.9946
1.3876
108.589
82.2527
60.8793
79.0895
92.9714
103.555
58.6981
70.1113
41.1101
76.0665
59.8601
61.6918
76.5167
96.3725
62.1238
132.21
103.614
51.9791
50.3781
11.4843
82.4295
39.7343
8.75188
89.1324
72.6114
71.277
80.5234
91.1213
95.9127
94.8743
150.463
151.431
94.9346
37.728
49.8473
43.7025
55.5646
60.1234
18.8406
53.4205
14.4291
70.6579
25.2074
1.28521
73.8254
14.3315
13.9966
42.519
62.764
71.6563
90.4288
64.8987
67.2543
50.1223
73.868
185.978
MET does not have solution even after MET smearing.
The solution is returned as if Delta was zero ...
79.9345
34.8509
71.5564
118.765
58.3705
41.6851
153.15
110.86
82.2448
25.3234
58.9024
83.0647
53.9788
105.477
12.0116
38.2803
92.5543
57.6186
15.0427
26.4784
37.5821
65.7848
98.2502
76.4248
39.4878
86.0292
22.1562
87.0673
121.513
29.4051
77.0024
86.7063
63.1552
22.3735
71.7049
92.9635
80.5256
70.4644
70.9479
36.9241
48.9746
64.6292
17.6077
41.3097
76.0352
198.845
MET does not have solution even after MET smearing.
The solution is returned as if Delta was zero ...
81.4147
94.31
100.85
104.406
58.631
0.809235
27.6153
101.919
53.5658
28.7895
107.717
118.146
71.4399
57.0518
176.536
MET does not have solution even after MET smearing.
The solution is returned as if Delta was zero ...
89.3868
6.59971
48.7977
68.5529
50.2533
61.4742
92.1506
88.2329
79.3711
85.7113
85.6259
71.4825
46.467
43.8641
6.81584
13.4661
83.747
77.1957
76.2407
68.4154
56.8144
1.33646
112.749
21.3044
84.0087
81.8132
79.3626
36.8679
55.055
88.096
48.953
32.9363
63.5508
31.9843
96.5635
21.6548
34.9058
72.871
26.567
88.6167
81.5458
28.8873
82.9546
78.7235
45.356
86.1804
57.747
117.961
4.45355
66.9976
44.8972
15.2579
73.0774
119.843
83.0575
88.9474
43.7822
22.3153
28.5862
3.88397
16.4773
93.097
87.1392
33.5181
74.221
76.9095
79.2266
58.7655
81.0628
59.1717
100.658
6.21279
38.1218
49.2043
89.0641
54.8505
47.5827
143.819
MET does not have solution even after MET smearing.
The solution is returned as if Delta was zero ...
36.14
112.756
85.0544
73.0805
85.9834
60.7982
82.3533
96.1492
81.6225
95.2848
33.7163
70.9319
73.3847
74.6344
86.4544
13.8775
170.588
MET does not have solution even after MET smearing.
The solution is returned as if Delta was zero ...
74.3132
112.817
23.9777
34.3344
96.4893
72.0452
63.3014
143.741
92.5217
54.4161
54.9508
96.9464
108.018
50.5935
35.8262
10.2098
18.7665
33.5151
104.354
2.41423
79.6608
42.2167
3.40153
47.2675
64.6418
57.5156
51.6586
72.6698
78.5224
42.4069
56.5293
8.92978
61.2559
40.3762
35.1317
63.7479
152.352
MET does not have solution even after MET smearing.
The solution is returned as if Delta was zero ...
85.4688
35.0312
30.6357
10.6525
12.4702
52.3482
48.992
26.7269
58.9005
80.4417
76.695
78.1266
88.9377
209.946
MET does not have solution even after MET smearing.
The solution is returned as if Delta was zero ...
46.9051
124.929
36.1234
84.0974
54.4818
61.478
35.6739
62.9262
115.453
62.8127
3.46342
81.1796
57.3074
54.648
68.2424
53.0486
54.7319
40.5369
77.8409
88.955
6.33125
54.9567
108.04
92.1965
13.1595
71.1301
108.361
25.8564
144.602
MET does not have solution even after MET smearing.
The solution is returned as if Delta was zero ...
55.7128
58.5493
108.496
125.246
78.6557
88.1927
8.56847
56.9001
12.0018
90.3857
115.318
15.8499
59.3651
49.3139
32.465
137.846
64.6055
110.831
149.198
MET does not have solution even after MET smearing.
The solution is returned as if Delta was zero ...
11.9567
5.2832
76.2027
43.2186
64.4463
32.4712
62.0634
48.4737
46.4159
82.9675
83.8172
36.0433
4.31097
72.5656
53.6246
35.1462
56.4834
92.3434
61.7031
35.4835
85.2476
10.5174
112.697
44.4837
65.1866
180.304
155.25
MET does not have solution even after MET smearing.
The solution is returned as if Delta was zero ...
106.796
110.621
78.3819
27.737
100.477
21.804
96.1696
64.9875
27.6598
90.6163
99.8607
33.8589
48.7613
43.205
107.678
78.2483
94.7916
3.04042
75.7332
24.4265
5.88217
53.6307
83.4044
89.5341
102.579
28.4404
57.9156
45.9151
108.717
68.0156
86.7204
84.7533
62.3525
85.9793
63.8209
86.5915
66.3341
75.1353
98.2678
83.159
90.3151
38.7273
59.2076
157.483
MET does not have solution even after MET smearing.
The solution is returned as if Delta was zero ...
25.3239
21.9932
2.38284
85.2213
68.1433
1.6419
68.7774
50.1096
72.1336
84.6768
78.6794
63.56
41.7739
12.4231
59.6832
111.418
34.2926
64.8682
137.827
43.8963
28.2321
88.0163
119.286
62.4176
73.9945
68.0328
88.5852
40.2312
34.6827
67.768
34.1348
55.4189
75.4425
48.692
53.7217
123.006
85.5735
65.0951
21.856
88.0728
117.408
83.5881
41.0746
95.482
72.9973
58.7004
104.409
65.6566
83.9854
21.8624
61.626
104.075
43.4384
74.9432
118.897
111.35
89.9831
57.7523
63.7978
29.7843
41.6279
46.4434
100.916
30.9799
57.4537
28.8113
63.4322
73.4213
75.0928
110.652
43.5536
77.4171
16.4852
99.9753
86.9949
77.6022
40.4299
14.9523
44.63
35.5113
91.0952
76.4269
96.0236
80.4805
106.595
76.5358
71.9538
67.8825
4.54268
54.1516
124.086
35.5046
50.1355
87.575
9.86294
83.1885
51.383
40.2206
87.11
24.6264
52.8833
69.2943
56.6735
75.5302
103.359
45.1768
85.8625
73.9431
70.3664
86.8488
71.7961
60.0437
24.5523
72.1754
111.574
136.475
87.2338
130.734
75.0911
139.485
MET does not have solution even after MET smearing.
The solution is returned as if Delta was zero ...
67.9731
88.9941
52.833
59.9591
35.6315
83.2012
112.046
16.7472
74.8996
48.9332
14.3062
0.262001
80.9866
62.1475
124.153
8.57191
69.1994
25.1164
58.5152
32.3858
103.656
28.8727
57.2705
18.8034
74.2772
76.7208
37.1269
51.9218
24.6738
78.5041
65.2639
64.0408
72.072
69.7138
1.07362
35.4017
37.5958
28.9925
96.1717
80.056
72.8229
10.448
77.1793
13.6557
84.5827
90.7082
67.1102
68.9643
8.91154
128.885
5.38121
103.085
69.1205
5.80816
93.8385
18.1251
108.294
44.359
90.258
164.585
MET does not have solution even after MET smearing.
The solution is returned as if Delta was zero ...
7.52148
114.137
11.032
22.3513
40.7265
74.3418
34.2484
78.5527
7.77816
52.9169
63.6849
32.8928
59.8838
8.16503
40.8811
137.174
MET does not have solution even after MET smearing.
The solution is returned as if Delta was zero ...
79.5912
94.8464
57.6608
54.6124
27.8055
5.54141
50.3517
18.7599
82.5926
25.7645
55.4303
81.8546
81.4446
87.8175
89.4947
72.3108
76.9131
18.4786
72.6951
86.7645
20.4166
69.6238
38.5283
90.1298
84.9075
94.1655
70.9041
13.6005
6.50888
18.5583
34.5613
48.4875
63.6209
61.3503
130.791
54.6119
90.9859
57.8533
48.9666
73.3727
85.152
73.8169
70.9757
57.1429
70.8122
88.3602
80.6325
46.324
55.203
155.182
99.5843
70.5677
84.0781
25.5608
60.2848
48.636
55.7441
71.1351
31.1291
73.6429
66.0595
129.722
33.7066
81.3121
18.4417
73.5952
14.551
67.7972
6.9824
6.5705
101.082
136.718
MET does not have solution even after MET smearing.
The solution is returned as if Delta was zero ...
0.40203
135.825
51.8864
59.618
55.0345
55.5221
78.1148
76.2456
29.3697
97.2388
13.5317
205.615
59.3964
105.794
99.0875
46.0108
38.8406
54.2622
64.7238
27.4568
before closing file input /home/nadjieh/work/samples/postMoriond/Aug2013/WW.root
before endjob
