**************************
SYSTEMATIC SITUATION: 
**************************
JESUP SYST
**************************
file number 1: ~/work/samples/postMoriond/Aug2013/WZ.root
I am in tree = 0
inDirect
treeName: WZ_2J_1T_JESUp
WZ_2J_1T_JESUp	0x24e11b0
0x24e11b0 tree afterward
WZ_2J_1T_JESUp
6795
90.7698
69.0649
79.4669
19.7601
45.8541
48.9889
73.5815
108.716
77.2837
22.1764
75.2066
106.029
58.9259
65.1162
52.1771
43.1977
69.0218
20.3009
76.9755
84.5597
28.8213
77.9315
54.6005
126.254
83.9219
78.8773
37.7993
62.4581
24.4396
59.3681
85.5555
80.095
103.841
68.2722
96.0707
81.2473
51.5074
115.844
68.884
13.7715
72.7611
76.7759
101.878
102.321
33.6555
3.72827
18.4902
106.101
67.8412
25.7131
63.1157
100.482
77.0266
65.4991
47.3699
55.4356
47.2314
98.4606
65.8261
38.2005
69.3058
112.291
39.893
92.9124
113.884
41.9669
35.0888
30.5286
65.3433
97.107
45.0262
90.5535
62.93
100.161
145.598
MET does not have solution even after MET smearing.
The solution is returned as if Delta was zero ...
17.8056
147.61
42.0057
62.1609
52.9454
104.717
101.528
24.903
10.3591
70.4474
106.275
28.9355
16.598
6.39711
87.2072
71.943
70.5167
70.0992
98.2396
77.1536
87.021
28.9636
61.0358
43.2041
100.306
34.7509
95.1192
24.7828
81.7683
27.1408
31.4047
98.5497
68.5006
10.3471
4.46952
96.694
84.7821
48.6586
73.5068
79.5684
105.643
44.2743
92.6121
22.106
1.22735
91.451
66.9495
39.175
118.005
69.6852
10.7739
115.972
58.1124
61.0418
69.7498
56.568
73.1799
69.9973
72.5647
30.6431
23.0468
48.6619
90.7912
47.8595
7.22728
32.347
53.6611
84.4356
73.0325
98.2325
107.219
42.1861
5.62696
85.664
14.8878
58.9971
78.5625
17.1834
86.8599
18.5429
46.3756
28.642
97.8598
91.4197
93.7408
56.2843
100.112
70.5752
49.7181
51.3892
91.2939
71.3875
81.3604
93.4933
49.5074
44.4165
55.5112
37.5276
79.3506
83.9586
71.6022
78.3383
89.6769
61.5285
27.6959
82.4801
93.36
82.837
11.8819
84.1046
51.9449
72.1479
51.338
53.6273
33.0371
5.01005
58.7239
23.8175
98.5521
91.5369
8.21444
42.9358
86.9328
73.003
76.3059
87.6579
55.7762
6.38266
84.8911
106.607
124.876
55.1947
90.9611
46.5559
89.5095
82.4242
22.8404
29.5411
55.4849
45.7532
44.0593
115.003
57.189
77.9754
51.7289
3.81535
125.751
67.265
27.2119
199.015
MET does not have solution even after MET smearing.
The solution is returned as if Delta was zero ...
85.6439
93.2862
94.215
17.5449
93.596
60.2816
36.4181
86.6411
69.6956
53.5892
69.3433
69.5892
104.806
38.0492
72.6158
86.0781
44.2782
90.589
75.8272
59.1646
39.3658
65.1572
47.4841
68.7749
59.9675
79.9276
56.1109
77.5762
31.8389
51.1432
38.7272
48.8131
57.8656
40.754
109.811
90.7756
8.25988
69.2731
51.4732
77.3687
2.80108
70.7025
107.345
59.4446
29.7371
98.7212
38.5887
60.2598
29.2912
64.9386
15.7347
78.6614
52.9045
36.3915
59.1165
83.868
1.08758
65.5028
0.0123328
78.3711
106.746
19.8094
22.9624
80.1663
73.5066
58.0982
96.1347
11.1197
77.5364
75.327
65.9562
10.27
24.0671
78.2663
52.2157
67.3919
48.6107
65.8834
57.3964
14.4066
77.6052
88.7828
50.9563
43.2783
107.383
106.007
20.9088
31.4308
65.2834
51.6885
73.6081
56.1753
72.9297
9.87906
72.9575
49.3941
14.241
74.9632
66.5852
86.6916
42.6316
88.1599
47.0904
62.3641
90.164
79.9599
47.5148
62.4058
45.8069
53.5049
62.1932
43.0989
120.876
2.70702
40.9134
30.0207
70.8333
35.9189
78.8817
20.5013
74.6471
85.1327
62.6822
30.7449
23.0711
21.8562
41.8809
87.9701
2.40269
99.9974
48.317
116.858
91.8196
36.6386
93.5673
26.6492
5.33048
81.4382
64.0545
68.5126
66.4184
43.9244
96.5884
58.5692
55.8688
88.7376
52.4088
93.8044
92.9204
88.4658
129.462
0.981001
36.1307
78.8862
75.2767
17.8696
92.5839
86.993
3.12054
80.1778
76.7663
13.7385
94.7501
19.5609
23.1252
40.3134
67.0335
119.507
43.1949
71.1634
72.1197
41.7458
59.4407
18.4468
14.7902
74.4849
82.6939
113.332
57.9249
62.5404
72.531
2.47384
75.3303
59.6209
140.632
60.543
61.4104
80.596
84.6759
62.1247
48.8294
80.0756
2.88679
74.3464
19.717
8.71169
60.6611
89.9758
45.8086
94.1994
76.6767
5.69349
56.0995
28.3257
123.363
62.4975
98.8227
69.7063
37.4341
36.0856
82.6321
15.6392
35.4314
100.123
136.619
94.4734
16.8876
62.2798
22.4994
53.3536
85.8687
71.4122
75.3368
82.0653
67.8045
74.3848
102.659
39.2545
31.0222
74.7763
86.1868
70.7677
65.8504
45.7399
108.561
76.397
82.4408
57.4219
6.09344
76.5065
87.0403
77.3747
29.0533
109.403
59.0943
77.3491
70.8473
98.8898
92.2315
24.7786
83.4951
76.1181
22.7894
37.3517
72.5288
36.4093
49.4628
17.036
52.1527
51.0124
51.6791
67.2892
83.7949
88.8955
3.86118
70.3887
74.1248
76.3473
48.8207
76.1608
113.687
54.0152
43.9399
67.9999
49.1174
58.1103
86.8835
46.711
69.2717
82.7563
59.612
56.8633
14.5059
3.7611
182.877
65.474
49.7856
12.6431
26.5212
91.291
81.3478
4.34978
44.4393
40.7843
89.2204
84.9976
96.6481
49.6543
73.7413
46.7203
23.2499
47.7587
52.1877
32.4753
22.4571
47.3226
50.3882
50.2095
82.9375
68.9313
80.5983
83.0267
65.9415
65.9101
197.674
MET does not have solution even after MET smearing.
The solution is returned as if Delta was zero ...
2.8601
121.413
56.5772
64.7485
91.3999
72.2649
58.1892
67.0316
46.3426
80.7666
85.9872
89.449
29.354
118.221
59.2898
40.7824
61.4701
86.4448
72.4996
31.9256
2.48391
67.4221
70.9394
13.2264
45.7136
74.8282
98.6735
58.9417
83.5544
97.6231
29.229
66.8338
93.1729
72.0685
32.1411
70.3366
1.13972
43.4005
71.0311
76.136
194.987
MET does not have solution even after MET smearing.
The solution is returned as if Delta was zero ...
55.8594
81.1411
85.6
72.3183
113.475
76.8468
142.794
54.4599
159.686
MET does not have solution even after MET smearing.
The solution is returned as if Delta was zero ...
2.54102
89.195
109.961
70.8385
71.9714
98.9304
21.9453
8.39236
72.7073
119.398
88.4978
79.2864
48.1335
56.7666
70.688
74.4773
29.8813
47.7175
119.761
83.2273
84.0858
50.189
68.9267
52.1908
64.896
79.4985
109.354
127.169
84.3655
52.2558
94.6672
39.5781
100.535
95.6593
52.1946
8.74777
83.3691
61.2705
51.779
69.9721
168.072
MET does not have solution even after MET smearing.
The solution is returned as if Delta was zero ...
19.9373
8.70147
55.3906
43.8833
70.5874
11.8164
40.2663
33.0253
37.0545
42.1783
88.8527
111.73
94.7532
31.4468
76.1148
23.6031
97.2552
9.26124
73.3774
52.6947
20.4335
50.416
76.2989
65.556
18.2489
68.3244
39.3339
80.0247
43.846
39.7039
73.3045
130.989
MET does not have solution even after MET smearing.
The solution is returned as if Delta was zero ...
89.1675
38.7676
106.296
55.1837
0.210809
86.3357
51.1851
30.3628
84.6283
66.0254
91.9949
52.0945
77.4116
53.3289
73.4896
64.8383
12.6125
44.4374
71.1173
22.7084
66.6919
69.7605
82.7728
10.7787
74.3416
104.127
27.8715
64.4966
60.9352
0.951801
5.37385
25.0464
48.8498
23.4407
93.3093
14.192
3.06501
113.405
187.023
MET does not have solution even after MET smearing.
The solution is returned as if Delta was zero ...
74.5494
57.9123
160.666
16.3355
88.9138
98.7179
9.56504
80.5068
76.6251
64.7174
74.1597
143.075
5.71383
40.8023
62.9894
77.6195
67.9989
0.0818235
6.67785
8.32637
62.5034
54.1832
37.1528
77.7617
90.7549
87.5502
82.5418
90.2453
105.115
4.20401
54.9881
32.0666
86.8346
68.794
52.5136
45.8807
40.0193
66.6533
86.1948
71.273
11.6267
26.9153
50.1932
7.28784
79.8443
55.2433
71.2335
64.7896
83.2151
83.893
81.8197
29.6194
0.828058
80.3262
54.9243
61.0732
93.1315
42.0651
50.4444
93.6656
32.1699
65.3831
74.1744
131.201
112.927
11.5641
27.4855
74.2969
34.026
29.0591
32.4884
26.3054
77.6332
83.8432
11.5905
50.9748
84.3318
50.9518
62.0025
6.74738
114.567
39.1784
38.3967
45.0748
36.3152
91.4166
94.932
89.5103
65.594
48.0141
46.8651
100.224
42.8427
44.4133
55.9893
85.4622
68.3289
56.988
82.999
75.7977
11.0855
26.3985
92.3158
99.3561
88.1791
43.0601
47.6331
70.9213
93.7616
26.293
77.0659
97.1881
90.7886
74.3004
16.3024
78.2215
85.0943
59.8261
87.3712
86.9945
42.7686
78.0979
93.0403
27.0972
53.1062
53.4333
71.4734
49.3178
83.1931
80.8533
109.176
54.1001
25.0478
5.52915
142.927
23.1576
72.2987
96.2768
18.0101
2.94111
58.6812
63.731
62.6069
71.263
8.21367
81.0749
17.8288
77.2374
70.2695
93.0307
79.3442
148.454
MET does not have solution even after MET smearing.
The solution is returned as if Delta was zero ...
123.617
48.1537
28.254
48.0065
61.3956
76.4285
74.7197
19.0411
61.6847
50.5302
88.3618
37.9603
86.7837
78.2777
133.538
74.3847
31.1503
54.9859
103.378
41.5739
25.6812
41.9862
29.983
9.06623
83.289
97.1212
54.4222
76.2938
36.415
63.6282
72.4104
36.0049
61.8909
74.0233
75.2751
63.7138
93.2035
75.9625
15.5617
117.168
88.6938
77.0671
87.6002
47.462
70.7162
90.0602
7.49253
68.3339
36.9566
62.1552
63.1756
122.025
25.3159
64.8319
80.7613
84.6519
73.2592
97.4235
67.4017
23.9688
88.6478
72.3154
36.8291
43.8593
66.2723
54.1551
40.9872
34.6532
45.3085
77.3399
89.5152
92.9963
0.404565
52.7095
81.849
4.36893
2.06969
60.9125
65.6192
80.1751
17.2851
47.5536
67.5417
11.0655
160.707
78.0019
36.2294
18.9436
87.9077
84.6669
21.45
11.8542
59.0564
53.6503
47.5012
57.6067
52.5419
74.1734
70.7985
77.1829
104.437
16.951
110.185
81.3544
32.4373
38.6538
85.4484
54.3935
88.9288
93.0568
80.53
81.356
72.9058
63.4096
69.96
105.447
85.7941
68.8562
84.9323
72.5359
31.4104
73.3079
114.37
46.023
109.699
85.9777
81.4207
73.8103
74.978
107.622
81.1999
99.8449
85.4411
80.708
19.7351
111.406
64.3148
82.5478
52.5949
53.8981
68.1901
72.391
27.1438
79.2625
1.83325
44.1522
104.056
57.3505
43.0998
16.5872
74.8473
40.8241
48.4463
73.1412
56.9295
45.7199
86.2647
92.2205
13.4879
42.6308
21.0953
81.9983
52.4601
5.18131
69.704
95.0669
27.7423
58.1333
75.7685
69.2236
69.3022
96.904
41.7363
95.8205
86.5475
82.5045
99.2602
70.6459
113.696
8.82473
86.1444
84.7781
46.821
75.4623
72.5689
43.1076
61.8487
94.7849
66.5748
58.2067
45.4291
41.8368
53.677
71.9941
78.8585
14.0907
40.5571
82.6121
53.8388
43.7819
93.093
0.0581235
108.627
70.1964
72.3149
96.7493
10.2884
42.5435
23.6591
48.815
61.4532
78.3894
47.3986
59.1814
80.5898
52.8199
22.3474
98.8887
39.7789
68.5054
88.5399
82.3242
96.0034
62.7842
153.709
MET does not have solution even after MET smearing.
The solution is returned as if Delta was zero ...
50.7025
88.0564
46.8608
16.9128
114.157
23.4417
25.8204
15.9395
22.9025
1.01212
67.2743
69.1376
36.343
83.9498
8.52374
98.7996
3.53541
123.37
1.78818
76.4827
74.0766
121.088
60.1346
18.4479
85.9639
19.2705
67.1347
160.512
28.0553
72.0985
128.15
65.9037
85.7096
17.978
95.4123
111.077
94.3718
46.6189
101.336
96.486
3.10559
61.7264
45.2847
76.5576
56.1145
36.4432
101.013
49.4732
63.8744
75.1814
61.0864
71.1001
64.3978
27.139
77.235
84.7153
85.5731
106.925
80.0808
55.1803
7.42048
116.017
80.3037
56.6857
45.7269
78.8492
64.9308
74.8083
79.6748
47.5828
86.0377
53.0788
26.9045
11.2663
30.408
26.6357
22.2657
82.2451
100.591
21.9004
83.5137
76.8422
44.1751
46.3619
82.6982
64.8623
18.8581
54.4954
50.5748
8.96309
18.5357
84.0321
90.6238
165.31
118.531
111.75
70.391
32.9365
95.6252
75.8984
129.893
107.23
71.1461
19.984
102.703
50.6048
61.255
89.3951
106.528
100.266
81.8466
54.8799
75.9112
83.1953
38.5796
84.4074
37.7627
66.0372
15.7279
6.1969
55.8224
82.3675
30.137
67.4247
73.2095
10.4748
107.432
74.9573
77.4439
28.7233
95.9558
94.648
47.7208
100.858
78.2274
99.9327
37.2673
21.1679
32.2314
79.1642
70.2398
43.1684
79.4462
88.9795
90.7512
146
69.0075
76.2272
74.8137
75.179
6.32169
4.83828
98.9424
22.3931
66.7994
89.8428
44.4731
87.1292
96.0832
97.6293
40.2885
75.214
59.7738
93.6948
113.85
57.7868
39.3451
126.679
70.9064
116.183
20.7982
102.026
65.7075
58.9188
65.2658
92.74
16.7373
112.922
53.5212
77.162
31.6964
126.569
MET does not have solution even after MET smearing.
The solution is returned as if Delta was zero ...
72.7103
69.2018
76.2927
48.2845
13.493
34.5798
53.5007
52.8953
98.5061
78.1963
64.8548
71.5116
60.0887
88.3304
28.8287
68.5331
78.5008
92.042
27.5889
84.5394
73.7939
31.349
75.8627
3.00234
45.6822
41.8825
75.0125
36.0426
42.3343
20.5777
22.8645
93.2616
60.39
1.37798
56.318
74.3609
34.0409
12.5184
70.1245
78.713
51.224
45.8322
56.69
61.2543
82.8073
89.6797
37.7257
83.9063
40.08
69.3624
35.2454
64.7704
108.224
65.9978
83.7818
45.875
50.9089
22.7074
35.5917
66.2311
102.242
35.4143
67.3025
102.269
101.384
87.1571
52.7193
3.90685
105.729
60.6505
78.5042
67.5044
143.926
77.7196
63.7308
71.5329
77.3389
1.81272
102.441
82.1711
89.2402
22.625
40.7731
38.0669
59.7187
96.0082
62.9655
57.8496
88.1083
101.285
62.9295
10.0312
79.3034
70.9341
123.058
95.9344
86.2377
124.441
43.4116
76.0435
61.0886
155.734
MET does not have solution even after MET smearing.
The solution is returned as if Delta was zero ...
103.24
36.4373
28.7936
10.0673
52.6955
122.414
74.7676
43.1162
67.3082
46.919
19.6855
70.3441
71.2545
38.636
66.169
23.9529
74.0814
48.0889
93.5584
55.667
78.506
5.55868
53.6904
4.86122
87.9397
80.3871
29.4399
11.1717
110.832
41.9147
103.664
87.6331
79.6894
88.9389
84.3715
31.1504
19.4867
133.595
70.0976
62.7801
126.198
90.0106
78.1526
45.4996
23.3017
10.917
77.3874
87.905
65.5417
86.3412
32.7289
58.7338
126.155
19.9345
89.5192
95.0744
34.4363
96.9062
58.6598
65.4123
51.6975
86.1525
7.54859
56.4411
68.2601
31.3325
39.116
61.5876
66.3793
56.6998
77.5799
13.1666
48.1358
25.0423
30.9649
53.5838
74.5138
88.9028
40.574
54.2319
80.9274
47.0826
70.8919
104.251
93.7984
77.0664
53.43
48.5044
74.7716
67.0536
59.4737
30.003
22.2912
29.6838
56.7617
86.266
0.796288
82.634
82.368
115.276
54.0957
87.3764
68.144
68.6421
55.8323
67.677
55.5287
64.7035
77.1661
58.0554
90.074
56.7425
50.3216
8.12256
74.959
87.4928
77.6517
77.846
57.4898
99.8913
44.5745
69.2062
43.255
74.9249
6.54218
90.0736
72.0899
27.7634
70.3849
68.6368
41.83
46.3509
112.39
61.9923
85.5815
16.3521
53.4518
90.9948
78.8757
74.5137
56.1254
115.192
61.2478
75.8108
88.7674
71.6328
0.713562
6.54295
88.3644
65.2742
59.311
44.9197
12.3195
25.2666
24.0781
79.6843
63.9904
145.446
43.0139
23.6544
109.03
78.4799
45.9337
63.4808
91.4375
60.6507
80.7551
85.5541
85.7057
23.7823
72.7253
73.2398
17.9158
32.8836
61.3036
9.54877
125.769
18.6688
59.7221
96.0315
85.8298
30.6822
21.3134
59.6802
48.2207
72.7672
46.2124
86.7665
123.871
71.4954
42.5921
59.8793
15.438
52.9039
83.2138
32.3648
61.67
70.5308
63.5398
50.3757
96.2213
95.3689
85.8725
88.502
34.1272
28.0108
111.103
68.7404
12.3229
59.1358
61.3533
73.7231
40.8307
96.7211
76.5781
78.1357
46.0354
54.3672
73.1559
34.1271
80.7852
92.4472
65.5614
0.780494
106.514
30.4143
73.0776
19.1362
14.9671
109.873
64.6752
71.0741
52.2824
56.6665
82.3557
88.9811
107.718
61.3958
8.53643
62.2496
32.9251
35.6993
32.4173
10.1332
38.0426
82.9147
86.3675
108.005
83.8866
46.3739
45.4302
40.1928
38.7846
33.6133
80.997
86.1291
32.6103
61.9968
80.3491
79.6326
88.7033
54.5641
54.6014
29.9133
2.43033
37.1409
67.4725
44.5109
55.3002
85.9472
17.7956
81.4389
13.0119
70.4623
33.6617
103.435
91.2742
115.595
68.8452
104.41
104.846
56.7009
82.7909
49.969
74.312
95.6439
31.2338
123.364
64.967
63.6222
41.5731
40.9752
39.2626
45.6945
30.4193
62.4016
2.5361
67.5608
78.8426
102.836
52.0506
1.39575
95.6452
43.7142
100.786
10.9834
54.8914
58.9286
79.7124
145.433
64.0398
113.032
104.185
1.49489
11.8702
76.8881
59.6534
31.9605
87.969
53.0046
52.6519
11.4405
41.575
88.6172
1.66595
90.223
83.0963
126.133
91.881
36.2646
71.19
84.6687
12.4897
77.6998
60.7629
110.519
63.699
36.338
94.4091
59.236
41.9753
84.495
22.4611
82.9331
75.768
21.5108
72.483
50.8773
60.6596
53.8977
9.96289
97.998
73.0397
34.3068
60.2251
5.34278
28.858
34.6195
37.4182
42.1749
78.127
72.6933
66.3668
70.0485
46.3676
43.9367
46.4049
108.471
77.14
43.7844
8.10347
35.6269
81.8714
76.9592
0.286963
32.7748
44.5382
80.4802
79.933
97.1037
41.3533
87.7762
0.347269
52.6231
77.3609
44.2538
62.7512
52.2736
80.2077
52.6647
63.0438
48.1663
16.533
35.7075
51.1291
92.9048
60.8311
60.2413
93.5529
39.014
27.0423
62.0795
152.523
48.3011
4.53746
84.4745
77.8139
72.2107
46.7693
23.4009
77.8693
95.2864
76.0892
76.5561
12.8276
86.5915
32.7718
51.0496
61.8771
95.0951
24.1588
19.13
19.8853
84.3908
3.44392
55.97
58.5775
72.2083
45.5835
75.4025
83.8136
102.485
44.0081
26.3621
37.3398
72.6981
63.0846
12.039
127.988
MET does not have solution even after MET smearing.
The solution is returned as if Delta was zero ...
67.1381
89.2999
89.7321
50.3367
23.0022
32.5853
65.5424
16.7526
47.4662
84.6263
45.0981
44.3628
7.2674
98.0403
39.1385
63.8647
81.6631
4.02594
53.8359
135.182
78.9846
21.8293
14.5258
29.1408
80.239
64.639
21.8428
63.8116
82.1917
86.1137
44.5714
72.1103
140.508
109.796
84.1073
72.8864
76.3833
42.9208
66.5563
101.316
88.4049
29.4633
66.0592
62.8709
54.0056
71.2999
95.6629
39.2319
28.0673
44.5713
25.8536
79.1106
51.302
70.4576
82.3645
76.0224
156.108
97.9952
88.377
82.8814
66.1475
42.8609
60.9708
57.875
41.2359
51.1457
59.505
12.6574
39.2565
67.8852
49.7758
44.3512
26.8354
37.2346
68.0897
64.0999
29.1969
43.4725
78.1864
109.169
36.1899
62.1975
17.0287
92.1648
72.8937
18.6179
16.5437
9.55204
45.7962
27.0599
65.1176
89.466
69.1178
82.9035
16.6411
152.868
71.9223
75.7757
63.8304
81.5933
78.4871
38.5698
56.7143
50.7468
24.0504
43.5297
74.6007
74.856
71.9095
90.0287
27.2781
155.852
48.9571
22.3651
64.0519
103.323
43.2536
6.51329
35.9475
85.783
20.337
35.5121
5.13943
36.4708
42.652
11.5838
64.1215
99.2001
19.2365
80.2389
63.9484
54.6919
26.679
68.0874
17.1638
86.3289
51.2107
68.1457
29.8773
96.1717
43.4791
57.143
77.0858
77.5159
73.29
10.8866
90.8198
78.3823
47.5964
13.1076
21.9842
89.7023
91.5912
70.3584
8.9983
59.1978
19.3131
48.0928
79.361
51.4051
24.6257
69.3913
64.0004
4.15163
69.2665
27.7128
77.5579
82.4444
149.542
90.2615
10.4071
53.296
81.4216
97.6078
83.9979
44.8906
44.7025
62.832
85.1438
67.9189
52.8047
39.141
46.3234
87.013
53.8348
76.1805
142.684
MET does not have solution even after MET smearing.
The solution is returned as if Delta was zero ...
42.7309
55.8645
37.1128
28.3247
41.4234
39.7634
26.2081
102.961
35.1455
96.5998
36.3035
47.8496
68.4299
85.1488
87.5352
64.057
40.9164
47.0622
45.048
40.5503
73.8569
46.7677
91.5685
27.6826
28.9021
13.2616
47.521
62.2408
91.2463
87.1557
32.2353
96.5651
95.1061
30.9065
53.4804
98.0389
114.906
59.5434
64.7208
83.3469
80.5127
50.3971
42.9171
66.0543
99.8828
93.2188
55.2791
46.4149
3.54079
73.2669
73.8694
10.6158
103.067
76.9206
82.1954
51.5392
48.8691
62.2954
86.0513
74.9117
65.7058
0.41872
51.2762
28.1088
49.9295
48.5953
67.6798
68.7042
58.6374
81.9991
48.6201
68.1901
46.2832
59.6639
166.294
MET does not have solution even after MET smearing.
The solution is returned as if Delta was zero ...
4.41917
92.5998
74.9017
103.694
113.708
81.6546
74.7336
47.2953
111.132
64.3991
93.9501
47.1093
79.5805
48.3792
106.366
71.6723
71.1967
74.7246
80.5993
74.8291
39.277
94.28
75.0661
0.339758
56.5933
73.6227
77.7965
16.5043
77.1296
26.625
40.8312
67.4451
45.3782
40.2707
30.6871
10.2677
66.1022
68.4853
83.6893
57.0881
15.0799
73.5215
104.789
65.4298
68.8245
31.6746
59.5928
29.3606
43.2498
30.6031
67.1914
93.0579
82.4037
46.4959
26.6431
99.5924
98.1078
16.7996
92.7836
104.974
68.38
100.979
62.8188
80.5323
4.58602
51.7479
56.9044
74.619
102.304
54.8064
48.6221
132.794
48.9649
60.2674
74.5834
25.0622
105.459
67.0566
87.0904
105.89
129.178
1.17811
90.0497
6.58058
78.2121
107.471
96.1296
57.6577
110.665
85.5243
79.7433
38.9855
24.2055
72.8741
21.5559
9.66447
106.116
81.3724
49.2459
86.3951
9.93323
57.0805
18.1922
68.6158
53.4481
74.6901
79.3253
13.0927
78.5884
77.6712
45.6038
28.6852
86.2257
78.0381
76.4106
68.5519
33.9331
31.783
51.0694
47.7707
51.0995
77.1487
84.9578
56.0765
37.4072
5.50706
15.0087
29.3085
84.3254
63.6495
70.7007
58.5844
37.5705
11.2682
65.8242
15.7552
65.5139
92.0302
39.5305
31.6361
58.9583
4.64983
120.871
18.4046
17.5829
86.0417
131.344
MET does not have solution even after MET smearing.
The solution is returned as if Delta was zero ...
66.8681
44.3123
58.2774
46.4354
59.1853
75.3182
83.6089
89.9715
80.4725
34.1761
16.5807
52.0499
75.5663
81.0885
100.428
106.534
44.9457
76.8169
96.938
26.3855
116.229
57.7236
1.67685
88.7185
39.4125
26.7
81.3762
70.7437
48.9091
14.4746
47.5295
36.3156
61.0745
64.8531
59.2507
22.6909
19.6713
37.9064
82.0217
68.8943
79.7269
34.2009
90.9448
4.96139
25.9676
86.1592
62.1605
69.2416
81.7016
38.931
84.3416
94.125
61.1512
68.1537
10.0178
76.6458
57.2501
24.0326
63.5124
13.6822
64.6828
12.6985
111.541
65.2534
40.6273
69.5204
70.4263
48.4582
30.4668
83.0576
46.9929
50.2374
56.7556
39.914
9.2883
34.4645
60.8756
89.2438
120.378
1.02215
6.11808
34.959
75.4425
65.5332
15.3364
34.1169
42.6293
102.422
89.2268
52.1088
46.2964
56.3296
106.719
96.1075
89.7639
76.8271
62.1417
88.6893
53.4986
71.1176
90.489
66.338
33.7104
89.9784
33.2138
52.7519
96.8262
45.0279
85.6172
102.583
63.6415
22.4073
64.3163
89.8961
22.3592
101.725
80.4581
50.9595
12.8875
11.5558
35.9531
12.0995
100.865
107.655
46.9763
55.2757
88.6185
8.45051
17.6322
78.3069
69.7367
79.1584
78.5083
87.5244
23.6164
53.0878
2.91351
67.5517
52.2431
35.3841
2.6936
45.7064
8.58582
55.3144
83.768
11.6949
54.3543
81.0929
48.7524
80.0695
72.4357
94.6822
15.9245
43.704
54.0144
28.5811
63.1656
65.6979
46.7093
78.3204
101.792
69.0243
141.469
86.9625
13.433
90.6843
55.1832
76.8292
50.1282
63.0399
127.574
70.6601
67.0405
41.668
28.6584
74.2655
0.631049
89.97
22.7254
21.541
65.6484
105.365
70.5879
92.4648
67.593
103.371
20.7159
49.8546
140.622
MET does not have solution even after MET smearing.
The solution is returned as if Delta was zero ...
54.5105
4.83521
79.0892
44.0144
87.9911
46.0034
91.7579
81.4227
82.3716
75.1214
20.9809
85.5706
23.6815
20.8558
47.7914
87.2835
115.653
72.7497
68.8323
67.5586
39.4345
100.312
53.8722
69.5754
94.1935
93.0812
117.096
70.7548
78.8186
80.2352
67.6962
78.3706
110.744
53.7744
114.313
57.7938
126.604
84.0377
118.42
33.2077
82.8574
91.0253
4.10883
79.2126
96.0666
45.6346
86.0669
113.412
18.9809
43.2891
40.3223
73.3232
95.7485
60.9111
19.0138
60.8441
73.8639
69.6533
72.5801
57.9658
17.5169
78.2232
77.3245
73.7956
88.1162
29.4534
77.8676
55.1281
86.7964
51.3888
63.448
53.6645
24.4671
94.83
37.8186
66.8763
0.503901
78.87
78.6048
57.3152
7.45364
10.4978
38.263
64.3756
25.3078
84.2476
8.82398
69.01
34.4379
107.825
80.4652
71.2703
98.8707
104.672
127.751
83.9089
55.8138
79.2703
79.5739
67.0485
11.0549
37.7655
67.0021
87.5837
73.9376
9.75005
81.562
101.435
34.5434
86.2779
63.7318
3.5899
115.909
70.8397
51.5356
83.4223
67.4617
17.5451
92.7772
73.489
50.6382
68.278
44.2876
57.8882
68.4114
83.0112
20.4038
41.5588
62.938
78.5864
90.7675
19.0802
26.1765
56.259
71.1179
68.4068
104.004
72.2724
1.93764
29.5954
98.8296
75.1766
76.6908
30.8332
79.959
23.3575
87.0837
33.6619
50.1801
67.5197
48.5819
83.6414
77.2962
56.8924
72.4135
72.14
31.6672
88.0488
51.3466
71.791
30.7142
13.2349
68.1492
54.764
117.378
31.1965
79.1038
4.76527
25.675
51.4106
31.4123
85.0549
70.9163
11.5398
25.4039
58.6527
2.38735
60.4712
43.3261
61.6477
80.1876
7.521
5.21936
49.9296
51.303
64.2391
57.8946
39.5212
47.4336
66.6541
23.6385
94.9055
74.2161
90.6593
72.8031
85.069
48.9556
76.4374
59.1677
0.289057
42.0071
10.6935
113.088
106.145
81.2434
71.7013
17.5194
38.1825
13.3999
47.8862
25.9495
33.7598
2.74564
4.21864
84.0266
8.04703
67.1501
77.6621
80.2024
3.01658
1.94473
39.3012
98.3693
18.8764
75.0619
15.8707
67.4202
86.2564
49.1963
58.1758
22.6567
42.3757
75.1477
27.7085
111.577
103.839
77.8611
95.1108
95.46
67.6433
14.0736
56.9758
55.2659
132.223
82.5538
76.7222
60.1631
93.8045
11.3933
62.6767
77.5648
77.211
81.2101
86.2069
69.4418
49.9385
74.426
31.154
69.9476
30.5035
94.7638
66.4939
73.5409
101.015
55.0784
108.907
60.7993
79.6298
69.929
70.1722
48.3231
52.9033
87.1471
21.8267
38.5186
65.82
66.1238
23.9142
96.0988
67.8662
23.1242
28.8773
17.8989
57.0286
103.415
56.3666
28.052
87.2954
8.71944
89.2781
23.0255
37.1392
23.9164
71.8474
115.301
77.6717
60.0058
78.5523
125.511
49.9141
23.2204
8.32942
63.5836
88.8318
78.1509
4.64333
60.3648
15.1602
23.563
28.0803
72.6976
49.397
65.2305
47.9615
62.2829
28.4137
30.3206
91.4764
81.7108
21.4926
91.7646
144.192
50.9413
12.8092
92.3046
72.2305
48.6074
17.4441
60.4819
42.885
62.9751
89.7398
129.695
79.6095
55.9701
36.9496
63.4284
7.91863
52.2341
39.5444
118.286
63.5777
57.8426
50.427
137.563
MET does not have solution even after MET smearing.
The solution is returned as if Delta was zero ...
77.2992
39.156
29.6005
73.9687
55.0255
31.8903
4.91248
318.425
MET does not have solution even after MET smearing.
The solution is returned as if Delta was zero ...
72.9496
4.82962
70.058
78.1606
33.7616
53.8446
84.3033
81.2408
6.25415
91.7673
55.5116
21.5113
45.9324
98.9651
79.6498
66.6292
27.9948
29.1003
17.2805
73.0289
66.2574
89.063
62.0442
90.8309
89.3423
85.443
13.5497
93.996
60.6145
78.7677
63.809
18.1604
59.3688
95.9269
118.16
18.1472
61.1251
62.0045
145.526
69.6429
65.1653
82.8747
27.8938
135.795
89.8295
9.45008
83.9447
74.8999
58.4571
82.158
55.4459
44.679
84.915
82.4463
72.8397
68.2426
82.3721
36.9464
3.62211
32.4101
41.2266
76.9401
37.5484
56.1783
40.7494
27.6898
73.0384
74.2805
64.2821
50.4542
27.1563
67.7777
4.2333
65.848
78.3613
87.8609
96.2315
70.3905
10.5846
58.358
114.751
98.0845
132.428
71.0147
48.6154
84.4381
71.3609
79.592
79.7415
64.7198
70.2123
98.5748
76.9686
127.73
58.019
92.2698
77.6945
79.1312
69.7588
70.3633
78.8109
77.2777
54.9391
95.8797
69.0086
88.1896
125.765
69.4854
38.7177
96.9324
86.4401
90.1427
89.8938
108.6
72.5107
0.485802
74.9515
92.8254
108.602
24.8259
16.1712
12.5759
54.8278
68.3155
106.363
71.7271
47.6337
82.9068
48.3439
66.6015
94.3458
77.8494
46.509
51.256
40.2787
58.5348
83.1058
75.9164
21.4022
73.6696
10.2429
54.9809
93.0777
105.511
46.8757
77.8062
108.724
68.031
49.5564
79.6302
30.4902
11.7498
20.831
50.5023
58.3186
56.7608
50.2832
25.8401
91.0998
57.4193
14.0192
134.853
99.9414
59.2286
84.3993
50.5408
25.6264
34.5496
98.0916
87.8385
34.4536
45.328
32.6586
19.3436
46.7563
43.041
25.3034
96.0633
49.7474
65.1318
79.3139
62.4452
68.0371
104.199
69.9474
66.1793
48.2298
50.5691
25.5715
68.1856
89.4189
132.636
73.9541
76.2049
127.337
MET does not have solution even after MET smearing.
The solution is returned as if Delta was zero ...
86.7839
67.161
48.4326
68.6658
66.1435
105.388
93.1046
8.40365
1.2147
87.3913
67.8403
13.1971
24.1903
60.3643
32.6905
75.6513
2.4737
41.2605
10.4959
89.003
3.07183
73.0789
6.66251
52.1496
77.5692
38.2968
77.5031
15.1298
19.8867
51.6882
19.0463
85.2229
16.1064
126.226
66.9769
92.4243
38.4426
78.1588
54.1168
69.6857
96.1819
58.3541
74.1058
70.0165
65.8134
45.868
71.8039
63.297
43.4112
77.5864
94.9817
7.32027
55.3078
63.987
83.4016
74.3532
43.7871
53.6914
81.5072
18.5254
78.0441
53.1214
64.8114
142.106
MET does not have solution even after MET smearing.
The solution is returned as if Delta was zero ...
129.807
18.6283
57.7068
38.891
97.1081
36.6836
94.9945
67.9441
88.1928
87.8759
74.6186
34.8395
97.6706
99.3585
74.1627
50.8699
13.8963
107.498
26.3001
51.6362
71.7125
83.8871
67.921
55.7431
20.2605
93.3048
92.9718
117.371
38.5981
55.5046
18.4366
61.3167
51.8167
52.8183
81.4162
30.719
25.4672
63.5063
82.4353
67.8119
111.609
106.952
82.4185
55.77
185.931
73.7477
48.072
29.9741
108.262
95.612
70.2906
75.8165
14.4081
77.9917
89.693
77.0307
38.9273
71.5561
18.6518
121.914
83.0565
10.8961
63.5274
124.266
46.8566
77.188
97.3537
55.0565
86.3014
52.3314
61.0745
65.3395
85.0475
73.3834
108.642
4.92968
113.227
66.991
13.4497
58.3068
11.4111
6.40555
24.7008
80.1675
44.1223
58.2798
42.9242
54.0109
81.6393
46.6104
47.4759
25.0729
83.3558
16.3873
90.0411
64.6552
31.5976
58.1084
40.9838
76.0286
55.1861
79.544
86.5502
104.925
94.7298
110.692
81.4215
56.6212
105.401
96.2898
4.15633
69.8148
97.424
101.371
54.3414
78.3395
74.7973
66.284
73.9232
26.5869
82.6625
50.7235
65.182
74.5861
46.5699
5.97098
55.538
24.6941
60.8185
95.3543
57.7097
96.8269
56.5706
63.821
5.97797
63.5779
101.069
2.73754
19.7659
83.1016
46.6161
51.6658
28.6676
59.228
68.6756
55.6454
75.8477
70.9632
13.5458
100.759
19.7328
43.1155
100.814
96.1584
29.2558
57.0105
7.56665
93.959
74.2111
35.2666
2.87953
47.6927
41.4966
114.196
52.5594
83.7307
59.626
70.4055
65.5819
10.4741
27.9532
84.5622
60.8769
53.7523
48.4889
58.1244
79.8726
90.4993
58.3973
12.4169
56.6734
124.963
39.8949
72.1011
76.8914
63.2371
40.1373
12.5247
85.4516
24.4657
72.7698
33.3249
53.5459
10.9662
49.6053
132.55
67.5798
29.4204
77.0005
80.2828
6.50636
69.9784
78.2774
9.16806
36.6891
80.1866
33.1684
72.6376
76.4381
50.6883
44.1421
62.3607
69.343
51.449
87.3592
54.503
68.4976
46.4836
52.6864
32.6751
58.6699
85.2903
87.7449
84.4881
65.5599
27.2384
88.9243
73.0374
85.4611
62.4137
72.9891
61.2656
75.5393
33.6631
15.3589
105.338
96.8218
64.6958
64.0025
98.3346
14.7825
60.097
94.5081
53.7751
85.9434
123.746
3.81671
82.8087
82.7578
91.2957
68.001
38.3116
42.6339
106.948
61.8651
27.8434
72.114
74.3408
10.6831
34.3195
74.4
79.4469
49.6792
51.4491
50.9931
15.5015
55.4179
91.1096
42.4876
76.4856
59.5733
28.2455
63.0285
84.5419
184.077
66.4057
46.256
92.2812
33.2199
160.862
34.0742
67.1852
129.671
56.7366
83.8776
41.9162
63.8351
78.0611
86.6462
45.4728
19.8505
61.4803
7.94274
66.8018
74.8263
13.9794
81.2447
65.5938
16.0209
5.6201
115.624
72.3803
66.2576
75.7212
71.9319
5.81286
96.0528
82.7684
66.1178
85.5203
70.2014
74.1849
81.6333
7.99019
67.2926
78.3101
1.62449
59.4775
118.323
94.1261
59.7518
64.0573
26.8609
61.0722
74.0515
45.8034
37.0815
75.8199
130.18
MET does not have solution even after MET smearing.
The solution is returned as if Delta was zero ...
51.3068
66.2209
64.9888
9.72345
21.9981
28.6175
112.148
107.246
74.6547
101.93
84.6337
66.4728
16.0714
20.1492
81.2766
119.795
109.459
63.7933
52.4254
16.0236
22.6633
93.354
16.0229
52.6347
26.3196
22.0984
53.3155
44.1538
94.2734
77.0016
10.6669
17.0736
49.932
103.082
57.1099
66.279
73.1166
75.3471
61.9708
47.6737
76.8994
94.1272
64.8661
89.3322
59.1588
49.5564
99.519
84.159
37.3869
41.1044
27.2917
41.5285
54.9435
64.1605
17.2619
56.3947
37.4182
70.8274
66.9905
101.958
19.6955
54.4425
3.30101
101.775
137.079
MET does not have solution even after MET smearing.
The solution is returned as if Delta was zero ...
29.9557
40.582
6.42117
91.9836
36.822
94.2535
65.1924
35.9979
5.0532
80.4337
76.8663
71.0353
76.9056
70.2901
69.5202
70.7306
77.82
81.0888
71.8268
46.4568
86.0608
13.7104
47.3853
67.9896
86.2976
56.4524
32.7545
121.402
76.298
70.2878
52.4161
106.531
25.532
37.0128
47.2393
89.9325
31.0263
48.8756
74.8733
11.3405
26.1817
52.6686
22.7961
78.71
64.038
82.0422
54.5897
84.6578
67.855
75.9375
42.9951
113.659
47.0982
51.6098
70.2587
87.2709
69.7348
55.1718
44.4597
46.0735
45.3041
65.6504
41.5146
70.8296
41.7387
44.1646
21.6107
9.89965
52.9067
54.0505
75.2801
97.7742
106.01
88.9836
46.0748
24.0972
15.3535
22.9584
3.62169
98.278
86.1665
96.6616
56.631
65.2077
54.7541
53.4011
63.4608
60.1334
68.3869
35.8806
54.3955
29.0078
47.9278
15.6722
33.4148
76.5992
62.3634
76.3359
65.94
52.9255
61.9829
54.3127
2.15659
65.7836
79.5188
61.7807
80.1361
82.0696
4.94134
102.603
69.8174
23.8179
22.7782
98.691
12.8542
10.9203
83.2861
36.5133
52.0401
76.105
75.6699
47.7957
114.215
47.8232
72.7811
47.8039
19.7753
83.5189
44.2995
47.3195
87.6859
80.7763
22.0974
59.3985
66.8196
52.5131
71.5278
10.9727
59.5619
97.8722
41.4327
45.2266
82.3173
52.3816
73.0049
72.233
89.0198
61.6328
62.0015
59.6195
3.33163
73.7921
74.6831
49.8598
26.4808
46.9359
120.093
59.8873
5.4517
31.5507
17.1372
105.662
4.13747
56.2142
61.4478
47.4104
86.3969
50.5014
78.8468
57.3427
86.7074
81.5186
28.2828
88.219
56.3449
68.8381
76.7676
29.9325
85.2359
74.3575
146.171
13.05
58.8202
76.1582
93.1769
91.6884
90.0884
24.0505
11.2626
8.83503
27.6682
19.2634
62.4039
59.5895
24.2592
94.2885
41.6153
35.252
0.0817486
29.0649
17.6554
35.8741
57.4025
21.5249
66.3881
30.6604
49.2968
85.3742
12.0069
118.346
3.52265
80.6609
32.9728
48.2127
114.709
104.851
30.0251
48.3121
55.5687
80.9766
82.6642
148.777
59.0214
123.758
79.2355
82.6524
107.683
32.4041
39.4348
70.4004
44.1407
72.6853
2.54616
26.8523
12.0307
74.4106
81.2941
93.5853
102.932
3.83315
30.7706
56.3309
87.7958
47.8341
83.6958
92.5891
61.9794
51.7089
91.7712
85.5891
3.98988
55.3857
0.714194
1.91191
140.061
MET does not have solution even after MET smearing.
The solution is returned as if Delta was zero ...
99.4278
79.1082
91.3723
10.9461
0.932556
127.072
100.618
63.9675
103.651
72.0632
7.87116
46.8608
77.3281
9.17997
130.367
78.668
53.2202
5.41105
78.7139
68.0166
44.5722
70.1553
21.9248
17.206
44.6977
3.00141
138.715
70.238
101.775
20.8466
72.2394
45.106
24.8231
28.3793
63.127
44.2058
85.6508
88.5806
68.181
29.9068
48.9425
40.2623
7.86502
67.0327
23.2315
31.9739
50.8274
54.0808
113.38
72.8598
56.342
110.565
61.3286
66.4784
68.6415
44.5915
61.8398
80.9914
7.71364
20.8464
52.5796
83.332
74.5693
131.615
28.4613
5.01234
96.5468
59.6824
24.9468
52.1211
79.8843
5.41351
49.8155
61.2331
81.0907
16.5669
42.204
84.8714
100.756
14.1387
71.3716
57.4866
70.6482
7.40843
87.3268
77.9508
91.0646
40.49
50.5102
27.7528
57.3101
25.6834
84.2739
51.3018
31.9452
56.9494
61.925
17.4336
58.1395
44.1441
74.2258
99.7627
23.8317
26.5078
90.4535
51.1814
84.1211
41.9815
65.4103
49.0522
91.1812
81.67
80.4261
93.4187
120.687
69.4851
89.785
96.15
45.8815
24.0097
71.6836
72.802
49.2772
19.3101
89.1333
78.1295
58.7374
60.8638
65.4964
64.5529
45.6142
68.9291
1.9513
46.8336
65.3361
114.197
1.49255
106.039
87.0761
74.9452
72.2343
26.1882
56.5913
35.4933
44.6285
77.5231
75.2592
73.3663
47.2296
66.3302
15.8022
73.5083
70.0174
65.1187
11.5793
76.4455
103.091
66.7378
53.5654
41.8514
46.3884
69.908
66.4971
54.0126
74.0645
35.6584
84.4623
86.6847
53.5019
101.898
47.6591
152.856
MET does not have solution even after MET smearing.
The solution is returned as if Delta was zero ...
27.8317
25.8591
40.3996
80.3249
12.5265
67.642
131.544
104.168
76.0407
38.751
63.8279
36.2023
82.0301
60.6997
58.5594
38.3395
65.8191
30.36
55.0758
34.3654
42.2277
82.1038
60.3723
77.1125
70.3362
58.819
68.7036
75.0742
46.5087
102.657
62.0852
55.4689
8.59102
62.7706
42.4158
39.6884
76.4783
0.775491
70.9811
47.8095
65.6027
74.823
17.1866
73.7993
49.8112
55.8924
70.0796
53.4861
48.8291
94.6665
42.1362
40.0669
46.5045
53.1168
104.651
61.5469
66.2798
109.379
49.0625
25.4843
74.1353
32.2057
81.6835
22.2535
66.7862
111.095
39.0152
55.62
90.4195
80.5993
5.47695
58.9055
119.957
79.0494
90.9397
57.9495
76.3286
41.0399
91.8557
110.654
77.4291
90.9796
41.9145
81.3606
123.046
63.6509
28.0871
44.2703
30.2546
81.7124
18.6558
24.2225
34.2649
90.3208
84.5535
19.0465
51.2757
56.7282
45.1855
63.7584
68.4475
84.6925
41.3539
46.2608
59.9466
94.8407
87.5653
53.0236
28.8309
82.3183
61.828
89.4733
64.2123
70.5346
2.59158
16.2685
79.2583
91.9208
75.0407
77.7428
85.522
76.8801
81.4107
79.328
101.059
33.4018
49.8918
79.3007
53.9756
74.3839
21.333
73.8725
66.0965
80.4127
119.226
44.281
11.1519
20.6818
68.9566
147.124
103.892
18.0479
32.8474
55.4283
41.8216
79.8519
75.0842
73.8811
80.0734
58.3881
77.0588
88.3029
60.6214
40.553
17.6871
95.9014
127.804
94.6724
93.4782
33.5273
34.4396
26.4214
133.596
83.0105
6.25733
63.8106
59.431
19.6703
72.942
75.4828
16.7139
61.6554
61.2378
24.0893
44.4938
65.6051
89.339
26.3257
31.4736
29.8272
93.7283
2.42655
55.7509
86.562
47.6157
56.6431
72.1288
29.9206
100.253
54.2871
37.2546
156.175
102.058
33.1058
45.29
22.1032
0.801363
2.35759
14.8342
119.962
58.6266
70.4286
28.4057
32.2306
74.3494
3.36389
85.5153
101.257
18.7477
67.073
9.43249
78.0452
67.5395
51.9378
53.2577
65.1771
64.1136
108.331
53.8165
3.66529
85.6609
14.3276
48.8618
79.8722
19.425
111.678
28.6449
36.7992
41.4892
116.564
84.0941
80.7299
63.9924
90.8174
49.4091
83.095
33.0899
73.3904
18.1958
50.4443
59.2274
63.9411
50.727
66.9596
77.4576
20.7889
87.6637
70.5727
77.4459
59.8644
52.9244
60.1556
57.9705
32.8646
137.726
3.09999
73.3619
48.0921
60.6672
9.12964
89.294
74.2684
83.9158
86.0221
62.988
88.5697
42.7986
97.918
24.6609
52.6617
7.13077
84.0058
93.3785
51.1948
0.0170109
105.005
46.3904
86.447
45.6167
85.1867
91.459
104.83
82.8457
81.3999
80.9595
68.3319
114.857
101.309
54.1623
66.3326
96.921
100.667
45.0869
93.1688
77.9462
54.6357
16.5128
138.716
84.4488
43.8861
69.2344
61.5557
41.8776
27.0994
79.8794
27.0039
33.3692
81.0436
85.7803
70.0019
60.8673
57.9546
90.8856
46.9855
37.1536
54.6969
51.613
68.9359
85.6483
56.2474
15.0804
54.1153
92.4434
68.1795
66.4413
71.5343
69.0979
82.6658
18.014
65.982
93.4369
83.1534
58.5765
56.5726
81.7068
67.8003
11.0326
15.948
10.2745
69.0636
75.3364
114.337
80.5904
0.830625
61.6295
55.1389
57.8217
26.3596
55.049
77.753
169.974
MET does not have solution even after MET smearing.
The solution is returned as if Delta was zero ...
61.8347
71.7744
61.8884
29.3117
78.6554
68.7117
64.2463
71.8327
97.368
52.8599
100.62
88.4678
74.5206
93.2905
97.7718
52.5011
97.6722
61.6859
63.9095
76.0783
85.5769
16.2276
72.764
106.784
79.676
38.1676
10.9183
30.2269
79.5366
77.2514
25.964
112.822
34.4119
32.8919
62.6741
52.1761
12.0108
94.7406
57.2684
54.1754
10.1529
42.622
87.4998
39.011
44.3462
67.8065
58.1023
73.6483
13.5024
84.8676
94.7404
61.305
37.6715
87.9164
44.174
66.5353
53.5109
56.3022
64.9583
64.6004
25.8516
92.6092
83.6607
17.0745
48.5888
60.9938
55.2524
55.6827
45.9367
98.2585
39.8825
7.28215
51.4141
16.0021
123.468
39.5136
51.9127
72.456
38.2149
67.373
33.1664
55.4943
92.267
30.7595
71.1772
96.2874
112.354
96.4078
47.5967
72.6607
31.2407
37.5026
79.6988
14.6828
63.8553
62.5811
88.5493
60.2596
65.257
62.8612
47.1822
90.0677
91.3722
44.9549
94.989
97.82
78.5529
86.3164
7.05284
80.0869
71.8156
107.612
95.5589
67.1888
62.0828
60.7333
104.46
110.146
51.2864
254.412
MET does not have solution even after MET smearing.
The solution is returned as if Delta was zero ...
87.0014
16.9163
81.3977
62.2305
132.112
30.1085
108.887
73.8079
85.0818
110.886
47.9946
49.0934
91.4844
96.4387
64.6902
43.4671
12.619
18.2514
25.0119
66.3239
93.713
80.2145
76.3367
89.0626
80.3001
84.9586
79.0603
85.7948
44.0317
107.4
55.5894
116.837
55.1024
111.69
8.27867
127.782
105.13
82.7506
65.6601
91.8319
7.80892
51.8625
85.0195
71.5121
78.8953
28.0289
27.0493
100.502
97.0755
52.5305
88.0204
22.1836
90.0111
74.3744
73.79
90.045
58.2203
83.3762
84.2166
76.3798
59.6609
32.0006
64.2797
90.9573
56.9623
32.8069
56.4751
17.5599
19.6243
3.00493
7.13046
56.7019
61.0884
66.343
85.8995
21.6268
6.68436
82.6942
22.6803
86.4762
71.5339
48.2007
6.09931
85.1725
92.011
65.0741
105.818
75.1717
39.9023
55.2208
61.9781
13.0986
77.3884
101.158
64.6787
86.1235
67.3844
88.1303
34.6525
3.79569
21.2378
21.2672
31.9063
22.4325
51.033
16.0766
41.0011
24.7101
83.1714
119.708
153.734
43.8999
99.6132
85.4276
0.665787
65.2077
74.1612
69.8366
24.5953
68.2326
14.6631
2.57505
74.48
78.4284
22.1434
54.1051
52.3982
26.8609
46.3305
66.8801
57.0611
63.1825
67.0625
73.6124
107.54
22.3196
74.878
91.7775
103.89
36.5474
78.2713
84.6519
44.1831
80.113
73.3613
131.868
112.516
MET does not have solution even after MET smearing.
The solution is returned as if Delta was zero ...
87.3519
63.1708
73.9632
79.7591
29.7529
83.7204
86.112
76.0954
21.1488
76.037
52.6268
65.3115
58.272
59.8919
69.7803
89.9055
83.9011
84.2483
101.074
38.4022
73.5139
70.3827
25.8592
51.2915
28.0671
42.3069
74.8026
84.0024
72.4675
63.6133
17.0334
88.8993
149.522
114.439
75.6407
92.2389
57.6522
37.1362
73.8641
65.5244
3.88841
7.11228
73.2841
30.5705
101.181
19.9309
56.8454
83.4591
12.4413
16.0257
120.414
11.8528
40.4709
78.5448
74.4695
69.5894
33.3597
56.184
82.3225
96.4949
8.34147
70.4532
60.627
64.5868
125.345
MET does not have solution even after MET smearing.
The solution is returned as if Delta was zero ...
89.6286
94.157
0.0149569
14.7135
74.2816
52.5913
61.504
68.9736
10.6073
0.747513
92.2423
72.0786
62.4866
39.6044
77.8619
40.9967
51.4341
51.2977
6.39981
70.946
99.345
48.0903
89.9126
66.1721
73.4347
88.6666
64.144
93.3493
84.3805
84.9135
126.123
46.4508
28.6328
85.658
129.485
78.8284
41.2117
47.4629
64.7565
55.2366
28.7639
66.0986
54.7853
49.5305
90.6309
108.427
76.9574
61.6843
61.3162
52.872
16.4019
92.0929
109.047
52.4674
106.413
111.143
66.454
94.962
14.6453
87.1208
84.0311
12.8389
70.6836
51.3751
12.7541
111.914
49.7482
118.654
22.9843
92.0128
91.8752
61.888
49.3361
80.4444
63.6369
26.7278
18.59
59.1061
73.3219
103.738
30.3344
8.41079
86.5004
72.5242
82.755
90.0303
100.922
70.9558
45.4835
87.5696
46.3619
80.6178
71.6666
78.6158
78.7194
6.78224
76.3951
60.4405
30.3222
9.81544
44.9389
53.2147
85.422
68.7788
78.2492
50.7331
85.7563
61.3147
77.6454
61.631
135.12
98.0824
113.995
50.1657
34.8931
28.0308
31.6473
87.3378
90.9405
37.7643
162.008
MET does not have solution even after MET smearing.
The solution is returned as if Delta was zero ...
50.5755
72.7058
130.427
123.672
97.0408
29.7148
45.8182
61.9964
17.1193
66.7614
16.6384
27.9915
30.4024
102.564
27.254
16.1429
58.1597
59.4263
81.9568
7.36539
49.3859
85.8191
23.4642
136.302
MET does not have solution even after MET smearing.
The solution is returned as if Delta was zero ...
81.3254
32.9199
66.6252
46.3392
64.1683
75.9019
60.8764
72.4224
53.8804
82.1645
66.5589
81.4252
30.4379
64.1145
50.1163
67.4685
105.554
71.8649
26.9961
85.4329
83.3916
74.4939
89.3618
17.6199
31.1292
41.719
34.7588
77.4583
59.9299
53.7189
24.1852
29.1934
78.3921
120.351
86.3544
89.9952
70.1066
78.8006
117.168
51.1849
34.9696
64.2482
23.7327
26.0494
99.7459
45.3241
16.0066
55.0663
45.1516
72.2596
93.4627
12.0862
93.32
6.73773
48.2201
24.3677
10.829
45.9146
73.6035
55.4848
96.9217
57.8172
66.2619
106.712
25.3965
54.9556
74.0664
75.7716
38.7234
128.026
46.4162
90.9836
10.6957
80.5871
4.22126
22.9822
13.0097
68.8109
1.71504
108.384
92.1741
76.5689
100.704
64.1074
54.1505
160.511
85.7793
82.2088
55.2576
68.2355
36.7567
47.389
180.702
MET does not have solution even after MET smearing.
The solution is returned as if Delta was zero ...
81.2637
87.2878
34.7971
34.5179
20.9083
52.1218
73.9975
69.9678
3.60595
36.1667
60.2283
55.3481
86.9642
77.3629
80.5858
82.5533
175.476
MET does not have solution even after MET smearing.
The solution is returned as if Delta was zero ...
76.0135
49.324
72.6468
46.9342
126.329
69.3676
8.74087
82.1283
55.2098
76.6201
80.7726
176.387
50.9644
65
79.5623
75.457
85.9665
61.093
149.789
MET does not have solution even after MET smearing.
The solution is returned as if Delta was zero ...
90.092
83.84
3.72446
72.9401
72.5222
48.5278
80.0579
82.6366
60.1315
79.3573
86.8567
9.95812
27.7855
63.7319
88.0531
33.5353
46.2449
37.6083
50.877
47.6667
12.3518
52.9448
41.2581
43.0616
55.8141
36.9819
35.9353
62.018
6.67054
136.501
78.527
106.478
36.5251
60.0628
12.7741
116.303
94.572
24.3192
36.3275
49.4786
73.6802
64.551
122.677
24.4216
28.5685
58.8333
81.2162
53.7323
84.1582
89.8419
65.9701
114.386
24.5525
211.231
MET does not have solution even after MET smearing.
The solution is returned as if Delta was zero ...
77.0107
69.5066
49.0932
70.3644
24.6051
93.5509
83.1485
53.0744
44.0322
53.6226
106.89
26.531
80.8845
13.5956
81.1872
75.9594
79.7608
59.835
68.296
26.3925
75.9973
66.3165
81.8869
71.9804
39.6217
72.6511
7.74138
42.4694
71.8377
117.739
10.9102
90.0925
49.967
58.4351
128.102
29.4953
88.866
21.8544
58.4851
70.5432
39.4507
28.6448
61.3487
76.891
70.5893
41.5761
74.363
98.9645
100.171
117.156
12.4319
35.2079
106.893
63.9513
78.0387
39.1649
30.3208
73.2132
49.3006
98.3228
39.3704
77.1731
0.715553
89.1998
40.2096
105.02
32.6886
85.6163
81.1682
9.5542
79.7665
75.2365
55.6799
71.4571
79.8676
81.0126
27.498
58.0082
93.4425
64.3725
54.5016
0.689613
85.1435
98.9846
49.4935
52.8338
34.9569
77.5823
74.1554
52.9174
139.83
12.1708
11.7121
32.2587
1.60094
61.2321
35.1622
82.871
28.002
25.8502
19.4727
143.777
36.2267
113.326
23.9771
138.021
85.5378
65.9153
71.8901
66.3787
159.732
135.629
72.9687
47.7941
1.2452
43.4282
75.3427
91.6863
62.6803
54.1101
63.4912
57.4892
22.9689
56.265
53.5584
67.5451
49.8748
10.5988
9.2801
51.666
42.7964
62.793
84.4467
109.064
31.4098
98.6573
42.4273
74.4204
57.2682
59.5264
68.0967
70.4633
81.3421
49.6944
125.546
76.1936
71.4495
39.0348
66.9431
55.2413
93.5557
2.23281
110.659
48.3034
32.4583
28.7297
43.6263
82.232
12.2054
31.9076
42.163
79.4392
70.0244
25.7298
69.9241
70.982
80.1024
42.4396
20.4204
75.9044
23.2656
55.9015
68.2217
74.4556
59.7999
88.6734
51.8065
71.8399
67.7184
84.2724
101.263
25.8474
91.7657
91.9942
35.3106
41.9224
71.9179
75.4725
58.6788
76.208
44.6998
68.2713
77.7163
26.5068
30.6959
78.8973
51.3541
81.9667
58.6825
93.5701
46.9662
3.45032
105.622
40.4009
80.2566
85.2996
40.3213
73.8092
83.1907
94.1338
77.8428
50.6521
74.892
79.3732
46.6483
82.6132
92.4501
57.2388
71.9971
85.1685
5.94563
35.8024
56.4922
21.3757
53.8491
67.2455
71.5105
80.1597
55.7858
27.1978
33.7141
105.139
77.1454
101.846
83.5759
2.60803
64.6703
74.8455
12.8857
75.0203
27.2519
89.7661
82.6009
27.179
56.2481
77.1485
105.429
68.8453
3.50816
45.8219
33.8714
114.802
28.2898
94.3893
95.3433
24.3839
82.9273
47.097
44.072
89.5631
26.834
89.9601
75.8022
77.6554
47.1559
25.1224
76.5852
39.3686
58.2874
64.6336
79.11
14.1
14.1735
64.4566
4.20542
76.0174
91.3958
84.7271
15.3668
12.0701
91.4975
26.6896
87.7236
2.51115
5.14452
59.1133
2.38898
64.1264
55.8366
77.6257
14.9801
103.488
92.5965
114.071
7.66462
13.5009
83.6726
48.0583
85.4135
83.053
20.4682
101.76
48.4026
91.6452
119.497
72.1452
101.234
81.8492
5.80972
87.5401
79.1393
79.1396
11.2757
48.1747
59.9052
29.0205
18.0058
91.5912
63.4222
18.6118
2.81759
78.6437
160.921
MET does not have solution even after MET smearing.
The solution is returned as if Delta was zero ...
31.4018
92.4515
21.085
65.5228
51.7071
25.8159
48.3483
71.8573
6.7246
97.2469
62.6927
51.1731
105.829
12.5153
80.9868
68.4071
27.1338
93.1777
50.6283
111.043
87.4794
83.4805
81.1289
54.7433
78.8311
73.1638
6.96002
71.2496
31.1417
31.3698
53.6623
76.3439
37.4773
64.6658
84.5031
47.7329
59.0217
81.058
76.5144
15.2578
7.76863
76.093
73.9569
6.44533
67.6371
55.6486
58.2408
81.5077
84.881
99.6092
74.8349
112.385
2.46854
79.2072
26.2602
98.5452
62.2476
8.31183
47.87
10.6034
58.9987
118.558
10.6678
78.7249
60.6828
53.5161
30.2673
99.9454
52.3275
6.54203
18.7258
51.1543
83.1616
101.262
0.725616
57.9638
47.7909
111.802
97.2
59.1053
63.1291
69.2097
43.1621
101.748
49.8975
23.6786
63.3714
26.0836
76.1858
108.247
67.9326
20.7381
76.1093
74.1542
32.9062
36.7634
66.3095
71.976
71.9515
88.8323
65.4663
51.7903
38.2041
74.9625
77.2224
19.1257
75.0277
24.4162
7.49967
53.5029
78.4797
53.6496
22.1083
45.4215
5.126
118.332
50.4456
49.4866
31.55
16.4898
114.737
61.4843
58.4158
83.6088
36.1597
73.2558
84.8202
85.9763
79.987
75.3026
54.5453
85.5619
79.7764
67.9724
81.1627
41.2628
18.4665
45.1817
40.1716
71.7
25.2659
107.041
78.5686
79.0776
99.0117
71.5393
45.2604
93.3703
46.5347
89.2702
73.2224
38.4076
11.6629
52.8266
65.0462
57.0701
32.4001
59.4264
99.7987
80.4183
2.74772
97.8729
83.4844
11.1641
69.4419
85.8796
28.267
59.0743
16.8565
93.2025
105.928
37.9835
41.8834
86.1657
30.5135
42.5063
65.7345
81.1211
75.0227
55.5762
55.72
67.09
68.3377
40.2687
23.8934
61.5255
14.252
71.6552
9.27734
82.741
105.007
73.6999
50.7498
107.092
44.8488
95.0119
77.5517
45.6147
84.6827
42.5926
64.9013
51.4629
81.3029
111.813
92.254
86.5101
72.7233
83.1495
53.907
55.1478
2.00974
84.7773
0.652701
24.3264
30.8243
117.002
44.1245
46.9284
57.7901
68.8392
37.6834
84.992
102.672
60.923
86.5879
40.2803
72.122
92.1396
4.15353
94.1251
68.6737
79.5907
25.0324
36.0032
89.3342
81.9637
19.1867
59.1847
4.43091
52.977
55.5995
103.826
44.2329
44.7424
48.7201
55.8849
27.6828
96.3314
83.8103
36.6135
69.66
116.108
25.1783
48.4787
114.841
18.4027
75.8479
73.7391
63.3312
38.0664
102.505
95.6987
33.3437
94.9351
50.2434
2.45822
56.6122
89.767
77.7463
33.3139
58.6042
47.6244
145.097
61.0499
47.8932
73.8325
12.7429
14.4179
82.3817
68.1716
96.855
77.771
82.4414
57.6613
65.1073
70.6441
63.2637
48.3632
77.8804
17.8086
82.2132
57.54
39.7702
60.4968
92.1013
31.6348
97.7725
24.3277
79.1391
7.73761
64.2918
87.625
39.2875
12.6717
69.3712
71.3062
88.4927
79.7534
41.7843
72.6534
85.1941
70.1038
27.9691
41.5047
81.7202
50.0901
36.059
77.0481
84.9929
69.4177
90.0811
84.0735
71.7384
82.7912
84.7522
75.109
2.27863
35.0479
3.06981
44.2639
65.6575
42.993
87.7555
16.1486
59.3422
57.3661
59.2984
15.8208
89.4734
2.95913
26.887
66.7828
57.3283
30.9927
10.6848
93.3881
42.6497
75.4415
89.0485
59.0337
26.1656
6.77016
87.5081
68.092
33.6589
48.1093
143.453
101.755
13.672
36.7052
62.6183
64.5935
46.2996
84.2272
38.1318
57.7176
72.792
66.5484
38.092
46.8247
44.9681
95.3015
69.3238
89.223
78.5205
12.1039
121.586
38.9883
42.6709
64.7937
57.7409
106.045
78.4214
73.1011
25.0889
1.58486
82.5565
110.141
73.5149
57.922
53.2352
17.2546
74.3665
40.9714
0.110409
3.6968
42.1742
72.0564
54.1653
36.3561
59.5265
47.1076
21.9361
16.6506
99.7579
98.8848
117.726
84.0293
13.9269
54.6608
68.8399
42.3267
8.04604
77.028
36.1263
83.98
57.7195
9.12674
41.8658
0.696494
83.0116
49.4588
137.412
MET does not have solution even after MET smearing.
The solution is returned as if Delta was zero ...
92.117
57.6689
109.535
55.173
13.6642
0.402779
101.494
70.2866
5.35307
66.076
51.4016
101.723
49.1577
69.4926
107.109
48.0515
52.3702
45.7323
110.523
33.7171
7.34554
78.9646
100.099
79.4101
106.707
51.7031
130.013
58.4533
103.365
66.4036
86.5079
76.7036
22.6117
6.28453
74.2385
51.5211
60.5869
90.5692
15.8113
45.7757
28.3377
46.4656
95.6459
83.6015
85.5881
0.188392
79.5654
50.0372
10.7069
83.4611
33.1804
50.6308
60.0947
106.711
78.6712
62.9679
59.7504
65.9364
84.3751
17.9378
43.3423
65.1472
7.38518
81.565
65.0837
87.5472
68.8096
56.9802
84.2493
19.0486
38.5815
79.9788
114.724
104.81
72.7054
54.2249
16.9895
77.7788
85.5298
104.209
103.836
51.5745
22.4125
5.78304
89.4833
13.7835
11.9354
63.381
14.8597
70.5973
131.601
66.5033
65.441
90.1679
19.6057
52.4106
70.5097
13.0282
94.2214
71.5265
117.867
78.428
47.2388
67.8703
62.2788
85.8333
49.1829
39.0446
2.16951
105.214
85.6677
86.6619
77.6601
52.9812
57.0192
80.8042
57.1504
46.8509
209.069
MET does not have solution even after MET smearing.
The solution is returned as if Delta was zero ...
87.477
0.219024
43.7369
109.066
75.5706
5.43689
52.2868
93.5489
85.1058
61.7988
27.5641
58.9646
85.0457
77.7768
75.9939
67.2239
94.2347
66.6091
43.2418
79.3703
74.4601
66.8715
5.27021
51.6095
38.5076
114.073
79.4488
5.13792
55.8514
72.5848
50.9783
18.4948
48.5764
48.2277
64.8172
85.33
9.7159
91.0318
76.6361
65.346
70.2389
69.8882
109.799
82.1133
37.8012
43.623
73.8736
62.5555
33.263
68.6067
100.864
26.8146
85.6017
76.4738
44.1619
79.0927
67.4485
21.6875
19.408
77.7309
71.1488
86.9999
15.6605
22.0817
43.3328
13.5565
73.6327
12.6531
27.3555
80.5085
69.6872
77.9675
85.5621
32.1353
134.839
44.3282
4.07174
62.7844
115.05
57.1405
67.1675
27.7714
18.358
39.8251
58.2739
84.6576
43.3987
74.6311
69.8758
63.688
64.3472
75.9328
56.3378
109.071
37.1806
98.2671
83.2141
6.32403
12.4097
80.2532
109.654
93.9936
97.1614
32.8977
43.4844
84.6317
54.9253
75.1229
85.0693
17.5345
24.1118
95.2928
55.959
25.0962
96.4154
17.8041
72.5392
46.7377
37.0325
67.5796
41.7636
74.2853
1.04682
50.3505
82.9349
57.4689
120.082
8.66793
61.9133
20.8841
19.9607
55.7847
42.0057
73.9969
63.2726
79.1893
69.3189
29.5018
83.4439
79.4427
66.2816
82.0201
94.9325
90.4335
64.5486
48.6858
51.5214
65.7484
69.5479
49.1396
77.3778
37.1447
78.1278
83.9864
86.024
82.3178
4.53316
75.5915
31.9083
81.0965
128.61
52.7094
75.5212
63.0775
60.0746
59.1106
90.1889
88.5831
72.8333
36.9456
26.8348
2.41003
4.13085
105.921
80.2469
45.5186
56.5837
68.7411
80.0537
32.2043
82.3103
63.0423
102.734
21.5402
79.4528
30.1161
48.6131
14.9254
13.9226
42.393
75.3658
72.1475
30.2507
46.8865
87.8658
89.011
37.5199
74.0963
14.1835
88.2431
60.5025
110.713
37.5383
103.938
42.9878
19.5937
104.451
114.183
86.5942
87.468
77.5053
37.6371
60.464
78.532
77.5055
76.7267
41.2947
106.815
21.4386
21.082
69.2214
21.8729
71.7599
95.8818
105.122
69.7892
38.544
36.4181
22.7402
79.0883
23.4971
64.7306
42.7006
65.0867
80.748
81.8592
41.0733
76.0947
61.6325
48.3465
52.3717
52.0335
44.7314
117.677
71.0953
48.573
37.0993
66.5304
79.6862
47.4563
55.899
73.0795
57.9503
55.9077
19.8354
100.226
32.1447
98.6728
84.5209
76.7039
48.4303
46.8001
32.6576
112.271
40.4111
103.14
39.1108
52.2911
81.1266
52.676
116.744
87.0027
36.5507
80.0904
73.0523
71.5227
28.298
90.0196
8.11233
74.0114
51.8553
5.0239
89.0774
88.9144
98.9501
17.8063
66.2115
79.8905
72.3858
85.3332
62.0232
95.9261
56.8107
42.8235
51.0153
40.1808
101.231
63.5779
52.4825
82.8192
55.1761
83.7668
96.1279
76.8996
85.1496
78.9284
33.3492
63.2348
51.3513
96.9454
81.686
26.5077
76.3447
69.0224
104.918
27.5498
5.30692
71.1782
72.5981
98.9469
59.0916
60.4543
10.2729
35.2438
56.4112
68.3753
32.9569
50.8897
65.5503
11.0203
47.049
48.237
33.3982
89.4121
111.888
36.8678
96.8809
4.10293
42.9205
8.42113
60.5532
32.0055
40.4703
83.8916
90.2185
51.3287
23.0424
42.5305
77.2964
35.1571
77.7574
73.2491
69.1116
86.0072
123.894
75.9723
5.99447
80.4705
91.3309
80.4241
47.941
61.9962
55.7795
50.5557
85.3945
41.3248
44.4351
76.8985
57.9808
75.0037
44.461
62.5274
68.5222
84.3545
34.8079
76.0254
37.7215
190.407
MET does not have solution even after MET smearing.
The solution is returned as if Delta was zero ...
82.5444
57.5809
3.85983
84.4401
56.0117
50.1719
88.2371
73.7469
43.0946
56.817
49.7829
29.2422
80.4906
110.348
462.396
MET does not have solution even after MET smearing.
The solution is returned as if Delta was zero ...
18.0125
90.921
102.602
57.7459
77.2327
76.3019
18.1951
66.7348
70.1834
42.6069
77.2451
71.0449
48.5822
35.8307
70.5485
32.0676
84.1938
29.0971
115.922
71.0451
66.6451
10.9187
76.3246
52.8147
86.3873
20.3509
62.0986
63.0318
68.7241
27.0781
77.5514
92.1107
76.7888
81.2288
118.372
29.848
52.266
57.2786
9.41277
24.686
64.5623
48.9388
49.773
16.2693
51.0257
53.1833
14.2303
88.3354
55.5595
78.5055
75.2853
87.7864
1.93747
100.883
58.3772
44.4688
79.287
73.8009
94.3355
78.2409
35.9783
2.5732
56.7943
14.0599
99.8255
6.5539
70.8972
27.4154
64.7289
65.4555
89.1561
72.7752
95.1768
45.7817
59.3937
84.7557
15.7045
72.5601
84.6176
82.3973
71.9922
61.6223
72.6787
97.3545
5.45912
63.3532
61.6542
17.5231
30.1928
39.4585
77.1506
48.4563
23.8071
85.0793
29.712
57.7237
68.4427
27.7479
76.8574
85.9886
51.0615
70.6056
22.8181
82.8784
66.9829
64.9263
47.1661
83.9733
50.6886
67.3156
33.7408
60.8709
40.1839
47.3626
95.7727
68.234
93.8256
74.8079
85.979
109.261
70.8932
176.248
MET does not have solution even after MET smearing.
The solution is returned as if Delta was zero ...
26.9228
63.1502
11.3205
68.2022
19.3216
76.6694
25.3805
42.601
75.0673
118.197
81.624
29.3419
98.6328
13.7508
56.949
59.9932
36.0062
64.3125
99.0445
75.1612
82.4865
62.0002
33.2309
19.3231
101.557
74.1608
80.5264
90.2022
119.521
10.9985
88.8099
64.6173
60.5196
95.9632
2.75856
145.494
46.8507
59.3149
61.7421
86.4822
71.4279
90.8211
70.4284
57.3877
58.5619
99.946
82.3282
66.6807
24.1718
62.8261
84.1017
62.2036
6.46775
70.4509
31.6454
29.8018
65.6962
8.6899
77.6868
80.9978
79.134
85.2508
4.69653
43.1222
86.4216
86.8119
87.4094
59.8279
58.9671
125.985
83.4162
4.78229
17.1873
106.579
40.1859
51.4913
65.4319
6.43341
72.3016
0.0567149
99.0625
89.54
78.2057
92.8167
129.488
83.207
69.0273
90.2722
95.2543
10.6932
92.6206
45.743
53.9169
76.3851
42.1384
79.4944
54.0764
45.7237
57.6616
89.9831
73.6141
53.6271
109.34
87.0774
35.7513
47.2556
63.6661
53.3905
2.76644
85.2953
68.6461
42.7201
1.61103
50.0915
62.8263
30.9283
139.011
MET does not have solution even after MET smearing.
The solution is returned as if Delta was zero ...
28.6577
85.5572
8.69324
38.9908
66.4983
72.283
25.6403
93.494
93.0759
74.1371
87.1352
18.7535
7.60504
69.0229
75.0586
58.0965
10.2482
50.0232
78.052
71.5614
29.2025
1.17067
49.8243
17.6267
34.0313
91.9667
87.8448
67.1304
39.8278
43.7288
51.3068
4.16761
61.0163
73.3958
84.9945
84.4026
31.7162
46.0668
106.364
96.4115
18.7717
16.4254
4.72477
56.2056
92.553
88.1502
14.0461
124.057
66.5342
42.2917
91.7702
39.8354
77.4634
134.025
74.9707
114.119
35.4636
89.9521
76.2485
21.3376
67.0939
94.2571
69.3706
79.9572
33.4765
101.12
123.399
59.2915
26.8632
25.0218
41.3472
70.5516
84.4932
59.1715
94.33
43.8486
46.413
56.7103
31.3758
28.4094
4.52254
82.3692
75.9628
69.9874
139.155
48.1444
88.4471
58.6639
46.268
60.4372
38.5607
30.7903
13.345
43.6898
52.0648
12.5893
96.0339
51.0775
76.8048
32.4172
50.9481
100.569
52.6216
38.7987
80.9236
47.0271
108.054
74.2722
26.0237
9.9444
57.3789
73.8381
115.55
83.8751
36.9543
98.0398
82.1352
89.4682
58.5638
50.1603
61.3128
58.675
82.6046
62.2641
24.9308
80.0754
51.3108
6.41577
88.2097
50.702
108.908
88.2735
39.6683
78.1249
83.2517
133.639
7.7824
81.0567
50.0405
46.4083
48.3028
70.5613
57.3664
54.8006
79.9575
44.7799
41.4304
98.1591
87.5693
66.8714
18.7292
6.98225
57.244
27.6137
65.2143
97.6846
48.3896
41.9377
50.1368
46.8084
93.4836
58.4502
63.3052
74.6772
71.3352
81.6634
50.5633
73.7149
59.708
11.964
47.0759
32.7503
99.4005
98.5651
66.489
5.46294
34.9003
65.0991
55.1978
65.4045
88.515
81.0169
44.0713
82.7176
59.5571
74.6183
67.2708
57.6712
60.5788
70.6561
117.249
55.5219
61.6209
32.0083
43.3423
75.2877
63.4791
38.1848
99.9848
55.4884
52.594
93.0912
16.592
31.5123
32.9239
80.8265
64.2408
114.866
92.0164
123.294
69.1944
47.7301
56.2223
20.5016
84.0563
73.491
65.1643
31.7878
11.9937
108.477
22.6427
31.1788
70.5642
132.903
76.8295
41.7446
34.7777
40.7975
34.4925
20.0854
92.6878
57.6006
106.733
40.7804
23.2157
29.7948
81.5675
45.6017
83.699
66.9235
88.9186
8.30565
56.5719
125.421
26.8935
114.19
81.3597
1.52679
26.1759
71.4669
51.5599
51.3973
56.461
71.8659
8.69846
59.1697
90.0189
8.29266
30.9484
34.3703
15.0448
17.9614
74.4665
78.2012
46.4345
6.06489
54.7721
79.1525
65.4978
63.6564
90.0343
111.171
87.6487
56.5666
3.48965
0.757296
41.2803
34.1458
53.0706
75.5014
86.7535
132.835
MET does not have solution even after MET smearing.
The solution is returned as if Delta was zero ...
119.608
51.8884
66.9801
73.0856
137.724
4.89373
130.07
1.75113
110.622
40.9348
48.1433
28.1977
64.6159
50.0297
48.794
9.86938
64.2944
63.6982
80.5185
3.74833
18.2067
24.749
19.9074
89.9331
38.9783
9.03044
60.8189
192.287
MET does not have solution even after MET smearing.
The solution is returned as if Delta was zero ...
35.1575
74.3824
77.5937
45.8827
30.3018
38.3943
67.3951
10.3077
321.722
MET does not have solution even after MET smearing.
The solution is returned as if Delta was zero ...
36.1148
134.684
35.1885
39.2278
72.3109
50.3353
91.0553
80.7143
69.9907
112.075
19.4057
80.5269
74.4746
100.271
71.4246
91.4058
45.1072
75.3661
72.8776
64.8991
118.663
52.228
43.3658
64.0655
71.4428
50.9268
66.1051
81.4159
42.0212
52.7467
77.7687
59.1666
72.7622
67.2044
15.2803
36.3428
53.4837
82.1296
66.6123
73.8405
100.783
9.56285
71.7064
123.306
16.9653
120.591
53.7041
16.2617
0.397886
28.9454
51.2678
29.5122
37.0425
63.4966
86.4177
40.9453
82.9445
97.3659
98.6525
50.2406
61.5666
164.724
48.0085
158.356
MET does not have solution even after MET smearing.
The solution is returned as if Delta was zero ...
14.9017
30.6532
21.6833
38.6678
30.1063
8.01002
19.2311
53.6867
62.7529
101.444
67.2655
89.2802
43.1891
78.9315
37.97
101.192
46.6535
72.8844
71.7784
85.6481
186.043
MET does not have solution even after MET smearing.
The solution is returned as if Delta was zero ...
75.1039
43.3393
57.5564
39.1313
2.38193
57.8267
10.4834
79.5151
61.2512
132.681
74.193
12.0845
41.5978
120.129
17.6586
82.7422
54.6561
15.7325
51.1952
54.2862
42.6459
79.3019
67.3027
58.5908
78.6854
82.7355
96.0513
55.8074
24.9835
15.4449
78.5581
107.599
103.143
61.723
2.54171
57.8686
49.1785
41.8556
46.7178
91.7396
11.8821
120.847
65.2937
60.6459
33.9007
61.9937
20.5537
5.17283
46.8527
69.1814
before closing file input /home/nadjieh/work/samples/postMoriond/Aug2013/WZ.root
before endjob
