**************************
SYSTEMATIC SITUATION: 
**************************
JESUP SYST
**************************
file number 1: ~/work/samples/postMoriond/Aug2013/ZJets.root
I am in tree = 0
inDirect
treeName: ZJets_2J_1T_JESUp
ZJets_2J_1T_JESUp	0x20ce520
0x20ce520 tree afterward
ZJets_2J_1T_JESUp
1274
20.6148
107.826
89.1271
20.1767
73.7901
194.922
MET does not have solution even after MET smearing.
The solution is returned as if Delta was zero ...
73.4168
42.0823
10.5926
115.067
51.8897
2.98867
64.4234
46.7066
26.9317
70.4298
70.7954
34.3728
42.07
90.336
21.1828
65.7079
18.5307
47.6
81.4776
49.9992
68.2879
57.8151
69.1141
16.6409
8.30998
49.4504
17.0719
54.6104
20.6012
50.6905
56.4989
105.904
72.9374
39.5396
70.7491
92.9048
11.2235
4.93851
6.67437
80.7408
21.5684
127.088
26.8147
37.6483
40.592
77.2591
6.89509
15.1829
55.5174
15.8896
106.864
50.7704
164.645
MET does not have solution even after MET smearing.
The solution is returned as if Delta was zero ...
52.1167
14.6898
35.72
93.0682
4.40662
46.0271
25.8446
41.3081
3.5519
29.5639
48.0373
58.2781
71.652
39.1253
32.0319
30.332
17.7804
37.7808
29.8225
4.69646
12.0801
19.8993
71.196
71.7836
36.8636
5.76166
41.6749
29.0319
54.7244
19.3732
75.4035
24.3065
41.9549
9.6755
15.0098
41.7391
101.883
12.7229
87.7052
55.6762
17.5979
42.6878
41.6049
86.2491
85.1076
31.6174
68.8549
20.6543
52.8071
60.8906
44.4967
62.8278
16.2061
68.1079
100.68
41.3612
7.25943
46.295
39.0548
53.2316
9.36403
67.6451
117.956
57.3477
32.0813
70.8365
61.3528
58.0066
22.9674
85.5261
64.1314
5.01457
80.2002
56.5126
33.6484
67.964
19.5626
104.764
46.367
47.9656
89.5566
2.35496
84.9383
15.8988
78.6309
25.3695
24.2865
14.9033
33.9427
4.87404
60.8034
21.7847
0.44029
9.46127
72.1868
2.05214
28.3478
25.4647
97.8957
5.60104
33.89
11.2352
36.1738
59.7735
70.3871
72.4122
2.62409
69.8284
63.6041
46.0856
28.5278
8.33517
5.69317
52.0176
70.1688
65.7194
55.0618
12.7308
54.6009
34.0931
82.0485
56.2086
77.9913
21.8621
33.386
66.1816
21.9374
18.1892
14.9124
15.4299
58.6198
40.2519
11.9638
31.1251
11.5077
21.7118
104.956
35.7053
64.1895
9.92767
41.5788
1.53591
84.1601
36.0102
7.61562
65.8924
122.702
42.3246
15.2982
14.9039
52.6922
28.9653
32.9161
49.9878
61.5428
82.2903
160.246
MET does not have solution even after MET smearing.
The solution is returned as if Delta was zero ...
6.03943
47.2741
13.0703
10.6798
60.4273
10.7318
72.0401
21.1108
19.6828
6.73782
79.8385
76.9978
39.16
13.8867
40.9642
75.5961
26.6763
52.2881
0.576068
5.59674
24.8823
69.6572
7.74327
19.8976
26.34
4.3761
32.3266
2.2152
61.9953
52.1197
15.1909
77.4389
76.7839
20.4552
42.4417
46.0258
82.7255
19.8035
13.42
37.1702
32.6642
68.8162
55.5317
23.0489
13.0555
69.4365
21.22
71.3355
70.7408
35.9352
21.2824
26.5732
56.5585
26.5955
16.2473
57.7075
7.07629
27.6464
12.955
8.88337
115.408
48.2695
43.8041
72.7753
84.8043
20.6784
44.7216
14.9593
8.69338
100.878
28.4115
41.1315
86.8606
12.9289
116.342
107.103
30.4448
25.6737
0.357086
60.8711
2.19173
14.2233
127.961
36.7979
71.9782
5.06211
39.3198
12.394
91.971
8.63016
21.807
45.6881
51.9164
18.8264
51.2546
120.32
19.2818
2.23601
96.8812
3.47325
32.2166
69.6517
3.16476
97.5519
11.7216
73.5896
21.8076
32.2525
20.1335
1.89473
13.9894
107.954
104.173
29.1582
52.897
60.6021
8.06984
18.9964
61.541
63.3281
38.4053
70.6126
31.568
1.48849
20.1384
50.5671
3.53495
42.4085
8.33135
39.7684
53.7818
15.5359
5.67913
8.55852
66.8358
53.6686
40.3801
52.638
27.2634
88.2657
52.4229
33.6756
59.4021
48.7405
17.1574
106.344
58.9962
117.159
105.859
38.8309
57.7168
103.665
13.2204
55.1523
22.812
8.73157
29.7785
27.6021
30.3609
111.274
94.3765
39.2479
72.5195
18.9898
0.314074
43.8571
46.3505
34.658
86.6842
30.5867
10.6472
2.59812
22.2182
11.3559
7.02029
284.971
94.3837
40.2255
44.3187
20.1018
2.63578
15.4924
28.6833
58.1113
39.5624
18.1004
53.3656
137.338
75.2758
87.75
33.9079
41.9991
78.1092
0.341679
28.197
25.8219
22.5829
91.0723
27.9473
104.776
12.1236
40.4756
0.309435
8.23485
46.2954
11.136
47.1867
154.731
72.8261
48.3411
98.4441
32.1759
60.3986
6.72784
126.929
43.142
4.09458
30.046
3.60043
35.2045
13.8017
44.509
51.1767
15.4202
19.8653
14.1425
9.38542
47.4793
15.4371
39.3422
78.8573
5.15121
32.3036
85.4768
124.445
32.3728
35.8412
67.5786
55.2117
53.374
19.605
34.2956
59.0635
27.4026
69.7168
54.3463
90.021
26.3214
6.86312
26.0482
126.271
38.7443
69.3205
35.207
58.0758
110.866
67.4525
7.79823
18.9929
72.2711
14.5353
41.3054
121.661
39.2322
17.2959
18.6463
11.0734
67.1594
68.0536
14.0039
36.3118
47.1852
43.2802
36.6146
163.635
MET does not have solution even after MET smearing.
The solution is returned as if Delta was zero ...
58.8355
73.974
11.8801
27.2986
33.6975
15.8647
68.5925
44.6459
48.2559
32.3081
45.0951
40.1806
56.4319
49.9606
47.3544
23.9528
94.6064
61.6957
42.9128
47.3223
182.289
56.3892
0.0906735
24.3339
41.6899
47.2651
55.8052
28.5764
48.4878
61.8463
5.29569
28.096
159.791
97.3018
44.183
99.576
59.1106
32.584
3.73256
27.2759
7.73748
2.03579
31.8489
43.0533
31.2093
58.8121
1.33908
103.7
28.7685
8.05277
38.6677
8.22355
16.8043
69.1697
51.5178
108.877
23.0424
76.4247
23.5026
67.5466
97.5732
30.9999
29.3807
60.2057
44.8782
65.2839
0.172869
74.8599
13.868
89.5082
66.3476
70.8414
17.6256
35.0429
7.98837
5.60882
74.7954
29.5919
34.4357
81.4486
44.2771
47.2342
6.7559
102.955
98.0894
67.0059
115.914
8.90527
96.2101
91.2507
88.6395
16.7733
41.3031
30.553
77.0345
37.5932
40.0724
49.3539
58.7342
45.6559
92.5235
45.5937
51.9969
39.3427
46.8071
2.45155
51.1192
10.9216
42.7513
28.4817
20.8636
3.39826
62.3998
68.5461
90.8833
28.7108
92.5024
26.305
46.3695
21.0497
70.0351
25.1122
46.3235
18.4035
57.8091
18.6951
113.889
20.4781
21.0743
8.69686
48.3005
148.035
16.9909
63.459
65.2706
50.4452
7.62776
20.3162
12.4091
73.8665
47.2185
37.591
62.0001
47.1793
55.0214
58.1646
70.5349
16.1421
28.8294
7.96237
35.3934
35.5219
50.9106
37.3362
58.1695
1.43035
13.8772
31.8889
32.5023
47.8047
82.9329
0.970708
68.6607
47.2535
9.02552
47.7636
161.146
MET does not have solution even after MET smearing.
The solution is returned as if Delta was zero ...
16.6414
78.5721
111.637
53.812
35.7257
33.0983
16.2385
35.7362
87.9677
10.2635
92.4509
45.3117
89.9019
63.2152
47.3246
14.3961
9.2742
84.3099
69.8329
99.2531
32.1596
120.267
36.7103
62.1344
24.347
32.0296
5.96005
53.4247
56.4574
102.656
17.6164
13.1856
22.705
132.083
MET does not have solution even after MET smearing.
The solution is returned as if Delta was zero ...
25.557
45.5685
3.67799
84.6438
71.8104
43.7263
30.0563
74.5273
83.4483
19.945
184.749
15.2564
54.9804
80.9252
32.893
35.7283
64.9649
49.9009
27.2859
6.9928
50.1181
150.994
101.081
57.8906
93.5157
102.027
23.9356
34.9268
11.2117
10.8454
45.816
0.259298
105.003
47.7967
73.206
28.6972
9.07476
85.7304
44.8396
24.5725
60.7227
54.0804
28.1464
84.099
83.2097
23.5954
15.9162
44.0154
59.5974
48.5685
25.9755
55.0004
129.15
37.469
16.2827
81.2852
5.60238
78.2813
28.988
55.0856
25.8379
108.035
99.9717
45.8436
46.1693
93.6124
30.0913
61.183
37.1285
76.8162
68.6448
22.1854
40.6745
3.81548
31.4108
75.1301
64.0519
99.8186
18.4946
42.2167
56.36
51.971
30.481
110.62
78.9823
1.78216
84.796
62.9255
36.3051
10.9396
52.5835
22.4081
29.2136
24.415
59.277
48.7034
89.6089
20.8205
11.1999
53.6798
32.1621
50.3361
40.4881
14.4287
104.256
63.2133
88.7183
33.4478
15.8561
10.13
41.8504
110.912
45.6419
68.8035
75.1071
125.531
14.3531
12.2946
19.3583
73.3711
95.6149
2.96562
126.041
10.0465
78.4828
59.4438
57.7898
10.9811
35.6035
10.3906
52.3222
24.6744
10.9891
17.492
22.9246
53.8915
33.592
60.2195
101.688
13.328
63.4131
41.5606
51.8013
22.4182
55.8502
13.1658
62.0587
20.754
43.0835
21.8521
36.6825
43.1017
7.47797
0.0716539
13.4432
49.0247
19.3772
136.62
35.159
8.79142
60.1313
16.6109
22.8015
26.6478
33.033
86.4924
5.99661
75.2259
8.3498
73.7505
36.8465
91.0466
69.2786
47.2968
28.471
6.28913
28.4794
14.0067
29.1888
109.481
9.85778
15.0694
36.1664
32.1926
82.7809
44.1656
20.8631
7.33919
43.38
81.8413
92.3916
22.9188
28.9245
40.6234
58.5356
103.056
28.4997
25.6762
60.5948
99.6418
82.6352
16.1531
46.7808
16.6993
103.098
32.888
58.7908
47.8719
79.6974
89.774
20.2325
23.0964
89.7979
47.7387
28.42
7.1405
24.2089
64.0891
15.947
30.3169
26.3637
247.954
MET does not have solution even after MET smearing.
The solution is returned as if Delta was zero ...
22.9758
73.3075
75.3877
76.9138
79.2511
48.8366
2.79517
50.9594
68.9453
73.0327
74.0704
0.137676
13.0971
63.8712
17.9837
34.2898
68.1886
53.2834
37.2966
12.6043
41.7047
24.8589
44.5317
29.3875
37.277
44.0262
7.88268
65.4081
112.038
MET does not have solution even after MET smearing.
The solution is returned as if Delta was zero ...
47.9336
84.4536
107.408
114.469
34.3538
91.6869
48.0016
40.8773
84.8568
5.85737
89.6576
47.8048
68.3226
54.1562
15.2623
76.8051
64.5807
17.7902
22.5166
17.0857
50.7902
43.141
99
44.8116
104.454
42.5561
49.3961
83.9943
55.9995
48.6334
45.2031
48.5568
11.9051
110.297
3.07925
101.121
53.3569
47.9558
6.97648
44.6401
11.376
16.2424
56.6496
44.7073
98.3923
56.0747
66.6637
0.446683
35.8414
64.7429
89.5998
81.5033
7.44463
9.29051
62.2132
28.7524
77.1592
20.9424
56.903
38.3873
15.4605
77.2197
73.8604
25.2613
52.3821
36.5659
1.14785
8.23144
83.2332
62.7746
14.7301
5.74967
15.118
12.6094
15.5756
68.2121
101.839
14.8354
7.66641
84.6621
24.9232
122.592
102.545
34.9713
62.318
31.1979
30.6564
38.6853
53.8424
120.783
18.5681
39.1076
69.1261
32.9534
12.0697
2.6989
15.3987
81.7797
19.3672
23.1397
58.6422
68.209
73.0986
102.321
78.8709
68.6081
130.528
13.8804
50.0766
80.3919
7.76548
77.8008
44.8987
14.942
99.9132
9.44268
44.8121
91.6625
11.4688
18.4735
65.8619
42.6021
66.1912
26.0395
45.7152
11.015
70.7502
147.064
MET does not have solution even after MET smearing.
The solution is returned as if Delta was zero ...
41.0771
21.6983
2.54871
81.9202
50.648
38.0824
42.513
65.357
57.4554
8.57619
54.6485
34.7824
57.6884
39.302
22.0349
46.7191
71.579
22.8164
29.9692
9.13611
56.2102
25.3353
12.141
58.825
29.4985
2.09446
38.0716
20.6831
34.355
35.8264
114.805
1.3333
74.7253
35.7096
72.385
40.0066
20.9906
30.0116
26.3776
75.4724
65.3017
56.1697
33.891
49.0437
114.214
31.1352
6.64127
1.31573
37.7388
32.6136
31.867
45.3619
72.1162
53.9267
19.2329
70.1565
12.64
112.171
47.4197
83.8425
7.97733
88.4919
46.0754
61.8951
45.3683
113.15
35.2998
83.8856
14.1351
89.6836
40.515
39.463
71.1805
76.6856
50.8365
24.8509
70.4242
81.1554
99.5114
54.9187
6.45994
46.2218
53.8293
84.0234
48.3043
21.1547
37.0991
97.2334
18.8949
7.60318
121.277
0.327245
104.236
88.3159
52.9075
18.148
54.9155
69.6439
60.7027
14.4598
22.5325
35.6028
5.15156
7.99138
39.3458
35.5921
54.5267
67.982
50.4645
88.1839
26.3945
17.7653
60.8475
97.4299
13.0155
34.2984
36.6741
9.16541
6.07039
55.5642
64.1558
12.7535
76.7247
17.6879
4.53464
40.7716
25.453
38.8598
5.15162
6.15867
18.9571
78.81
55.1396
66.3254
25.9877
87.8324
56.6939
51.9538
95.0833
63.6239
41.9558
48.0329
1.42939
44.0642
69.6926
63.8743
77.9184
21.5581
13.0476
40.7759
75.3824
72.4187
31.7476
26.8244
15.0483
46.1929
75.5718
99.3798
38.0629
87.7925
7.08407
52.7988
56.4093
49.7892
92.7938
29.085
23.4478
30.3288
47.9093
26.1217
6.43394
10.3325
36.7697
74.0369
26.7213
39.5292
58.903
26.3563
64.4017
34.7664
43.6272
102.154
39.4666
56.3903
13.4344
50.5935
23.8982
76.6904
36.8162
127.786
27.8514
45.0918
22.6917
4.7425
16.8895
48.3485
43.7533
39.2513
64.0752
4.51869
57.6968
104.405
70.8537
before closing file input /home/nadjieh/work/samples/postMoriond/Aug2013/ZJets.root
before endjob
