**************************
SYSTEMATIC SITUATION: 
**************************
METUP SYST
**************************
file number 1: ~/work/samples/postMoriond/Aug2013/ZJets.root
I am in tree = 0
inDirect
treeName: ZJets_2J_1T_UnclusteredMETUp
ZJets_2J_1T_UnclusteredMETUp	0x1615540
0x1615540 tree afterward
ZJets_2J_1T_UnclusteredMETUp
1234
20.7646
102.393
87.6813
19.6658
76.1739
66.9778
43.778
112.146
53.7464
2.95913
59.4233
50.9202
26.7502
70.8765
61.7179
31.9836
41.3013
90.5816
20.3501
65.6437
18.829
45.7955
77.9135
60.5546
66.4178
56.9237
66.5911
15.9463
7.82533
65.0852
21.3147
62.789
21.405
48.581
43.0067
104.161
72.8226
41.2306
74.1687
95.4483
8.91197
4.75288
7.10279
74.8867
22.1715
126.678
34.901
39.1896
76.5143
6.57243
15.3177
57.4985
14.7402
107.731
56.3252
168.103
MET does not have solution even after MET smearing.
The solution is returned as if Delta was zero ...
53.3807
32.0276
91.1846
4.19599
53.0859
26.6601
44.781
3.48714
28.9177
44.843
56.5268
64.3112
36.6838
26.0995
21.4898
15.2125
22.913
27.0259
4.53266
11.5638
18.2087
70.1261
70.7355
5.90246
44.6936
32.9899
53.5604
19.525
78.1225
20.2303
25.6161
84.1027
44.6841
9.53065
19.2278
43.3582
97.0323
12.6566
85.7243
49.5223
75.9948
16.5087
41.9976
59.9941
83.3642
79.5127
38.4258
66.5485
19.3025
51.9827
56.7201
43.6737
54.8251
15.9109
76.2683
101.874
46.7805
6.4962
46.9044
40.433
47.3349
8.45618
66.1791
126.142
57.7174
35.523
68.1328
59.362
61.6276
23.7578
85.8066
60.3536
4.69544
88.7207
61.7133
33.4471
69.0955
19.0143
99.7104
41.7944
51.5549
91.3396
2.20904
77.6874
16.2295
74.8061
30.7009
22.8375
13.743
45.0776
5.05884
67.3171
21.0487
8.96389
72.2368
1.82004
27.0841
28.7295
95.1077
5.60961
23.9267
16.5269
30.2832
15.7521
34.5761
57.9389
71.186
65.8383
2.57903
68.3178
76.1516
46.523
25.075
8.06946
4.39073
48.6207
77.041
64.3737
53.2767
27.1394
11.9493
55.3478
32.0075
77.0679
62.8653
78.7552
20.763
32.7569
68.3753
21.8252
18.9915
15.1463
15.8539
53.8476
44.18
11.6543
30.8472
12.2221
15.5351
112.444
37.5665
49.929
8.89619
39.2429
1.54946
81.7352
31.6778
6.72458
66.7478
122.324
43.9579
64.3658
14.6659
13.9708
57.7948
33.3157
30.8924
53.2537
58.6424
79.1181
156.725
MET does not have solution even after MET smearing.
The solution is returned as if Delta was zero ...
5.74004
51.5633
12.8911
11.5182
61.5795
10.6392
22.9436
17.7394
7.43185
81.9949
41.4842
14.3267
44.621
78.9556
35.05
47.166
0.587522
24.8003
70.5382
7.83592
20.2954
26.6675
4.48818
36.874
2.15063
54.0936
52.362
14.7846
87.9099
68.9045
21.6505
44.5652
82.482
20.6412
12.3317
40.5643
31.134
66.8173
56.8835
23.2373
11.9273
58.1453
68.8141
33.836
22.8987
26.2846
63.1854
15.4738
54.628
9.10179
26.7778
11.7111
8.78624
113.586
50.0733
40.7797
76.6393
79.4604
21.4772
45.7667
14.2919
8.47645
96.9095
25.1222
85.3013
5.33873
28.9713
12.747
115.284
103.58
27.7552
21.9356
0.329373
60.2584
2.26484
130.011
37.2218
69.7269
4.71922
38.8682
21.1646
11.1613
89.424
9.7108
21.2938
38.0982
53.7783
118.951
19.1869
2.02649
97.1418
5.10414
31.9892
2.46973
63.1092
3.15052
96.8923
11.5061
27.6709
36.7293
21.0518
1.90284
13.6701
111.751
96.4527
24.6468
66.4592
7.47281
18.67
59.0483
59.2337
32.5984
51.8592
1.40188
19.22
48.648
3.36744
42.9185
8.66039
35.8823
52.4727
19.7957
5.73285
8.63636
68.4356
38.4232
51.2909
28.2432
95.1276
53.036
30.9368
66.2562
16.7013
106.314
55.0251
111.765
105.543
86.696
8.98943
50.6998
27.8952
6.65612
54.9184
37.6671
31.0044
27.3352
36.341
101.146
92.234
38.1349
70.9813
17.5879
0.276559
40.3163
44.123
32.8359
85.6945
23.1516
10.359
2.50659
17.0877
11.2239
6.86935
292.411
86.303
38.7061
2.64602
15.1701
22.8628
58.5291
39.3711
20.5563
54.6368
137.262
74.6792
86.9042
33.5196
37.733
77.4908
23.8041
24.7811
24.6786
82.4058
27.3165
112.441
11.7457
40.2913
0.320746
7.09627
52.3229
9.92356
158.451
MET does not have solution even after MET smearing.
The solution is returned as if Delta was zero ...
73.3646
51.8344
94.3223
29.8232
62.8525
7.06303
129.995
44.8492
4.32642
32.445
3.5248
32.9959
17.0864
44.1198
55.0179
14.381
21.8339
14.1176
8.27352
48.3181
13.2302
42.013
73.338
5.18062
14.2534
31.8211
81.0196
126.74
20.5189
36.8513
68.2321
57.4913
49.562
18.9595
39.9261
55.8079
68.1547
54.0699
90.1954
25.4034
6.8083
25.0687
125.438
37.7879
66.6722
27.4796
54.5702
114.067
66.6931
8.08569
18.7896
70.7406
11.0399
43.0467
88.2486
17.5845
16.7974
11.3918
66.2763
65.0133
12.7051
36.0699
45.9835
36.4908
165.115
MET does not have solution even after MET smearing.
The solution is returned as if Delta was zero ...
49.2276
61.3561
73.6001
11.8972
26.0247
35.4134
75.0165
46.7371
32.3764
38.0195
39.9671
60.5956
47.9176
45.3797
23.1075
96.772
61.3523
46.511
47.7815
185.627
58.6204
0.0910733
24.497
45.7952
57.4298
30.8483
57.8374
63.0663
27.9389
153.614
94.8915
40.2369
92.5869
64.2882
3.39125
38.1443
7.60935
2.01592
30.1066
44.1574
36.2104
56.0073
101.697
27.8053
7.32959
29.9234
9.29917
20.4282
70.0513
49.8473
102.318
17.1675
79.2887
31.4582
68.6252
28.9298
27.8913
59.4927
47.382
59.4533
0.170939
68.8443
12.203
82.0776
59.228
73.8536
15.4198
34.1369
7.54926
5.24176
78.6387
108.155
41.2738
35.2925
78.3926
39.861
48.8737
6.90242
96.8503
92.2709
75.9732
113.796
7.95834
95.1687
89.5723
89.4004
15.105
38.1409
73.9968
39.9965
51.1299
76.5772
49.8483
40.6178
51.1516
94.3927
49.6736
47.8285
39.5895
46.5627
2.40292
50.5933
11.065
49.3049
20.0956
3.35216
60.9523
63.6329
87.4106
83.5383
26.0775
40.8396
19.1807
66.2765
23.8913
45.6168
15.7928
52.6683
18.222
112.815
17.1149
21.0407
9.14927
49.9721
145.957
17.1415
61.7565
63.6778
48.649
7.28495
19.0119
13.8602
81.0794
41.9113
35.664
54.5678
45.6372
53.706
58.753
63.7179
14.2776
23.0631
7.2858
33.4076
37.7359
45.8726
36.6997
58.0485
1.42761
12.8621
30.7768
36.1354
49.5534
80.0248
1.04824
61.3324
47.1054
7.14489
52.1375
169.826
MET does not have solution even after MET smearing.
The solution is returned as if Delta was zero ...
16.8392
78.504
108.331
51.9876
37.7375
33.5658
16.1735
32.4911
86.1447
10.0716
92.9205
30.7824
60.905
51.2063
11.0242
7.16467
82.4733
72.1439
98.3306
33.6506
110.388
36.3935
63.2585
23.5345
20.8632
6.66871
53.7181
58.7318
101.528
23.9963
12.7858
22.7699
131.666
MET does not have solution even after MET smearing.
The solution is returned as if Delta was zero ...
25.4529
4.03533
95.3885
70.193
44.8928
30.1138
56.8851
77.9012
18.6315
186.12
14.4307
50.5383
80.1824
32.1364
36.7049
63.1647
43.2618
26.9001
6.88113
153.793
100.401
56.0391
103.965
102.71
21.9257
31.513
10.6035
10.788
46.6462
0.248397
97.6722
46.4269
65.8359
26.081
8.64542
83.4595
40.6737
19.9643
55.7843
26.8671
48.3335
89.0967
22.1708
10.2769
45.3303
65.0763
45.1648
26.0899
57.6042
130.627
34.453
27.4306
79.3259
6.61379
90.4491
25.7942
45.2114
25.3562
100.934
100.881
52.1083
46.8188
92.1569
28.9974
62.1057
36.8495
75.2224
69.7922
47.272
4.22759
27.6546
75.7316
58.1005
95.1308
19.1114
45.4062
54.2163
49.7903
26.8738
116.47
77.7396
1.79871
81.6666
59.5128
27.708
9.80232
53.8466
14.9333
21.8148
29.3386
24.2446
68.8228
50.1549
93.6426
20.3119
9.69662
54.0106
29.5598
47.8319
40.889
18.379
106.128
63.4054
92.7592
32.2846
12.5957
10.1608
42.0604
108.699
43.7658
66.6433
74.1259
135.025
14.0748
11.4991
25.2215
72.9247
94.5417
2.87778
118.694
10.3607
88.3939
0.923144
55.1243
11.0984
35.8439
9.48819
50.7747
28.7903
11.0249
17.2422
21.788
53.2283
34.0528
63.0615
101.685
12.6212
62.9602
33.1318
23.461
52.6932
13.111
61.0896
42.5534
44.5815
22.209
35.2174
43.3943
9.55056
0.0609913
21.9532
56.5223
18.3569
129.598
33.9076
5.82939
57.0038
16.6424
31.088
25.0555
28.5346
25.351
87.8204
5.73148
72.2008
10.1106
78.9475
37.1668
94.9927
70.6831
6.10102
49.7486
34.226
7.21817
32.1046
15.725
95.0328
9.8736
14.697
32.8548
24.6626
83.8632
38.0349
19.2243
40.8592
81.2639
99.1203
25.8202
27.7277
31.4181
43.2766
113.372
24.2731
23.4159
58.1708
101.355
93.1324
15.5448
22.4638
6.74913
101.696
55.6674
46.0279
96.2552
88.6204
36.3329
88.4113
18.8334
108.447
21.7737
88.5758
51.9504
35.6145
6.70203
23.4719
61.956
15.6323
30.4611
26.1883
255.925
MET does not have solution even after MET smearing.
The solution is returned as if Delta was zero ...
23.2596
77.7693
70.6154
78.0925
82.1334
43.0077
2.84838
48.9813
70.5736
70.1823
74.8498
0.139417
12.7755
61.1477
18.0883
34.8766
74.0921
52.623
40.3478
12.172
41.6591
22.7303
49.6593
31.828
34.1721
42.1871
7.91451
62.7896
112.598
MET does not have solution even after MET smearing.
The solution is returned as if Delta was zero ...
49.0989
78.7072
97.79
116.818
37.1748
94.8962
50.2991
36.4184
89.3036
5.72139
96.3705
47.8899
68.8184
12.4016
54.6903
15.0889
73.658
65.9173
15.7955
14.1301
16.1782
49.748
41.2126
97.7909
45.0662
105.668
46.0441
50.1949
83.1845
55.5114
53.3162
34.4076
42.6076
11.6441
111.975
3.22099
100.372
53.7157
40.8412
6.88436
43.5957
19.8192
14.7621
70.8033
42.6333
97.4846
66.8195
0.443118
34.39
67.8762
62.7867
83.4038
7.18101
12.2705
60.1529
26.6322
22.9303
51.5237
36.6797
20.882
76.1802
72.8713
27.7949
52.4689
31.5362
1.12205
7.92847
88.5751
60.7915
6.66913
9.91853
11.9067
13.9391
65.7191
101.733
14.7327
7.63939
87.4315
24.2941
119.865
98.8225
34.3651
65.2607
30.6606
27.4
29.8393
47.1186
17.0074
38.9769
62.5645
28.808
11.943
2.66255
73.8745
20.8527
23.8547
62.4546
71.8787
60.0639
99.6606
80.1219
72.9745
128.048
89.8058
12.7426
50.4517
72.5054
6.31309
36.8601
71.0294
33.0845
13.2452
93.203
43.627
10.1808
25.5928
63.0153
46.0113
87.5561
67.0659
38.628
45.7815
11.0662
73.8508
37.5843
23.3306
2.53697
50.4423
38.0904
42.9641
63.3437
8.59804
55.4005
31.7478
57.7683
38.4112
15.2603
49.2693
72.0101
21.5304
28.9654
9.18891
54.3496
24.49
10.2542
55.8549
2.14939
40.6959
35.5504
1.32742
70.493
34.2276
71.633
37.7212
17.4364
30.5093
26.0892
76.2499
65.436
51.5086
40.2953
57.0946
75.2604
31.4825
6.44033
1.37047
38.9412
20.0537
30.0523
48.4271
69.9738
49.3318
15.2906
66.3937
12.419
113.016
46.3284
82.2104
2.81483
84.371
45.1512
60.4717
46.7197
110.86
36.2325
84.7505
13.6382
87.7281
42.9935
38.947
58.0928
63.4951
49.7177
23.1211
23.3275
64.6777
73.6463
100.471
53.7566
6.13227
45.293
52.1069
84.885
44.6054
23.2296
37.3341
85.0357
19.4471
22.1141
6.51112
125.056
0.360553
113.23
83.9787
20.2213
56.6516
60.6044
61.6836
18.9864
21.3994
37.7431
5.70431
7.87973
32.9562
53.0353
63.6237
48.441
82.3473
27.9363
18.0473
56.2167
95.5585
13.5146
50.534
32.1925
34.8102
8.2844
6.16929
52.847
56.0402
13.7539
88.0626
18.931
4.46016
39.4562
23.3357
44.4655
5.19221
18.5085
74.1049
51.0899
49.873
80.5438
56.7301
92.6798
68.7374
38.8779
1.46072
50.7726
44.5694
68.4846
64.3688
75.6059
41.2806
21.4857
12.653
33.6332
71.9275
71.9222
32.7431
26.6567
13.8322
46.9103
76.0178
98.3854
30.7218
88.5778
6.68437
51.8581
59.8687
48.0063
90.1847
29.9028
23.4277
23.8601
49.6013
34.0303
6.3277
10.3723
37.5963
66.7779
29.0987
39.6189
57.1573
27.1371
62.2316
36.3382
38.8332
95.7384
38.3258
12.0681
52.1041
25.3833
87.3707
35.3144
116.336
43.7051
20.964
4.35181
17.4503
42.9444
42.6242
40.6118
71.8069
60.7647
99.2927
67.2881
105.432
before closing file input /home/nadjieh/work/samples/postMoriond/Aug2013/ZJets.root
before endjob
