**************************
SYSTEMATIC SITUATION: 
**************************
METUP SYST
**************************
file number 1: ~/work/samples/postMoriond/Aug2013/WZ.root
I am in tree = 0
inDirect
treeName: WZ_2J_1T_UnclusteredMETUp
WZ_2J_1T_UnclusteredMETUp	0x256a120
0x256a120 tree afterward
WZ_2J_1T_UnclusteredMETUp
6488
89.8023
64.2124
79.4048
20.1632
46.2596
71.1499
104.215
82.6837
17.649
77.2012
104.536
64.0457
52.4998
40.0065
68.1985
19.8922
68.7597
77.1371
84.5811
29.8595
79.3476
59.113
127.828
78.9216
79.8722
35.3353
24.0818
56.6377
85.3448
64.832
105.007
69.0023
81.6194
51.4216
122.745
69.3739
13.4192
70.9928
76.2638
99.4129
100.879
33.9166
3.65536
18.4597
104.886
66.1855
24.7471
67.5853
76.5067
69.9792
47.0222
52.7133
44.4726
98.0544
62.877
37.2742
71.2983
111.206
91.2528
109.327
41.8092
27.9823
64.1096
98.4526
47.0546
90.6114
61.6242
98.6578
147.588
MET does not have solution even after MET smearing.
The solution is returned as if Delta was zero ...
17.9363
149.383
41.5317
61.7565
53.9865
97.2077
102.531
25.198
10.5146
72.8188
108.055
28.9567
12.5879
6.35263
70.7216
70.5131
96.9763
77.8977
84.2135
26.7776
60.6732
45.5501
100.852
33.7436
93.1448
24.2248
78.1628
22.7649
31.5286
60.708
10.4355
4.35976
95.9092
85.1787
46.6999
72.4739
74.749
96.8473
43.1417
89.5025
21.978
1.22193
90.5755
65.4511
117.189
MET does not have solution even after MET smearing.
The solution is returned as if Delta was zero ...
69.0778
10.3832
117.918
61.7302
60.421
68.3482
54.8832
70.0786
74.5708
70.1316
29.9487
48.1429
89.3261
47.089
7.63589
21.9273
46.4085
85.7364
71.2273
104.613
105.924
39.057
5.60652
86.497
14.1413
56.6079
73.9613
15.4251
87.2447
68.4526
18.7275
44.9548
29.0298
97.8776
11.6948
90.7628
94.9852
57.3438
100.08
72.6085
55.9437
89.5044
72.2694
89.3687
93.051
53.9778
45.4791
55.2978
39.7918
81.0965
83.6696
72.3776
79.0821
88.8449
64.2556
24.8352
83.8561
93.0446
83.0922
11.4161
86.8949
51.0215
63.5615
50.9068
54.0129
33.8109
4.88173
66.7726
24.3779
98.1529
93.4056
8.23175
85.5627
71.792
77.3604
86.3116
54.2831
6.2901
84.7652
106.614
123.364
51.264
90.9747
50.1167
87.8754
80.5879
21.6674
29.295
54.1975
46.3538
43.4828
145.308
111.577
55.3088
75.9108
52.6553
3.77999
123.488
MET does not have solution even after MET smearing.
The solution is returned as if Delta was zero ...
66.5317
27.2355
199.014
MET does not have solution even after MET smearing.
The solution is returned as if Delta was zero ...
75.0646
94.5837
94.4422
17.12
92.1785
58.8517
31.4196
84.2559
53.3334
68.6379
68.8843
105.321
37.3093
71.5972
85.0248
47.02
75.8873
58.8326
107.07
37.652
65.7353
47.4682
73.2923
60.0436
54.2814
71.7271
30.7047
53.3418
28.1076
48.3606
55.6125
40.9216
110.209
89.3981
7.98849
68.3939
58.6
77.8415
2.57908
67.9161
106.986
66.0679
30.0089
93.6773
37.585
59.1209
29.9179
77.704
15.4004
68.5453
35.8153
58.0985
83.8171
1.03359
64.2867
0.0124009
73.392
105.676
19.7157
22.3791
81.1484
80.652
68.4135
11.0868
77.8367
72.6172
63.7016
10.1927
33.7807
76.2057
51.0678
67.6053
53.896
64.064
62.6395
14.0657
88.6276
53.5184
39.0038
106.075
105.153
21.8227
31.2573
66.6874
49.2846
74.0245
55.8171
72.9694
11.5496
74.1082
49.6087
14.0536
75.3057
63.8393
42.0078
85.89
46.5734
63.1691
78.6308
46.667
67.0557
46.6605
53.4243
60.9397
41.029
120.545
2.72099
40.7864
29.4453
73.0568
33.8792
78.915
20.3045
74.67
6.79935
82.2358
57.3998
30.4715
22.9413
20.4585
43.0976
89.6542
99.9046
96.7507
47.6221
112.902
90.7278
36.2826
93.1629
25.7812
3.04623
76.0751
63.9659
73.8447
64.8381
40.5381
94.2991
65.1625
54.6815
83.1188
55.3521
95.7804
89.922
88.0589
128.227
0.961444
33.237
76.1478
74.4821
17.757
92.5102
44.9711
87.1986
3.16984
77.2721
76.7705
13.4603
94.4641
17.0368
23.1683
39.8148
66.1877
120.408
MET does not have solution even after MET smearing.
The solution is returned as if Delta was zero ...
47.4583
43.0311
72.4649
41.3555
59.5352
18.2669
14.7731
73.7172
82.4314
110.976
54.9281
62.0446
71.148
2.64034
74.7871
59.0296
126.178
59.2134
60.3205
84.5396
85.9774
50.6157
75.88
2.8967
73.7505
19.6225
60.6828
88.4895
44.1441
96.1327
75.3901
5.34428
54.493
28.3194
115.666
97.6744
64.1485
69.6975
37.1577
83.9247
15.5682
34.3667
99.7426
133.198
97.1443
15.9122
64.3319
21.6225
52.486
86.8765
68.4331
70.9339
84.548
67.8097
104.139
40.8024
33.8316
73.171
89.0281
65.0174
43.5928
106.955
75.4683
82.3571
54.8888
5.89669
76.2438
87.0933
77.0464
28.8584
110.295
59.0259
76.638
71.7523
101.894
24.4714
82.9279
22.6845
71.2794
36.0373
50.0228
16.9586
50.8618
48.9401
50.4947
64.3986
84.9736
92.3462
3.93547
70.3541
73.3438
76.8369
48.0527
77.1729
108.995
52.9641
43.9268
74.0245
57.9264
88.9676
69.9771
86.14
63.5008
57.1397
13.8519
3.74313
182.841
MET does not have solution even after MET smearing.
The solution is returned as if Delta was zero ...
66.5302
45.5767
26.0683
88.7646
82.1498
40.3931
88.1548
86.1027
96.046
40.5311
74.0906
76.4544
22.6463
50.5231
51.9028
33.6127
22.123
46.1377
55.2281
85.4662
68.8099
80.1547
81.8828
64.6515
63.0598
191.085
MET does not have solution even after MET smearing.
The solution is returned as if Delta was zero ...
2.23764
118.025
58.0686
65.211
91.4831
72.5263
65.8675
48.305
78.0907
91.0543
27.911
58.8126
60.7594
85.8199
71.2394
28.7777
65.373
70.2276
12.9155
46.3355
71.9847
95.9502
83.1306
30.0511
64.9843
94.3343
70.3396
27.0147
71.3197
1.1471
42.7952
70.0024
73.5959
198.253
MET does not have solution even after MET smearing.
The solution is returned as if Delta was zero ...
54.4997
81.6662
72.888
113.056
76.0814
139.715
50.672
158.676
MET does not have solution even after MET smearing.
The solution is returned as if Delta was zero ...
2.30893
88.9126
109.282
68.6921
71.6017
95.6516
34.0424
72.1342
115.355
88.1991
77.3539
47.0647
60.5478
73.1311
75.003
29.4536
50.3622
79.991
53.9586
69.1447
50.5662
59.8895
78.3124
115.63
123.98
38.7032
84.6105
50.8075
46.4054
92.1818
40.128
100.409
93.7731
50.2998
8.71797
83.4549
61.4679
72.851
161.508
MET does not have solution even after MET smearing.
The solution is returned as if Delta was zero ...
19.4916
8.94061
53.6244
43.1324
69.2504
11.4652
43.3119
32.1749
36.7232
38.0412
89.3686
101.885
31.4401
74.0956
23.8078
98.181
8.87292
70.8788
52.6996
20.2099
50.8083
78.9049
64.9338
17.5608
68.8963
38.9007
80.5787
40.2906
38.0526
73.4964
127.561
88.9226
38.2904
98.6159
57.9596
0.206459
87.2168
51.0658
29.3295
83.5769
65.8855
91.3831
49.3067
72.9325
55.4613
75.5612
66.0835
12.5546
43.9714
72.6396
22.5684
66.8545
68.035
82.2764
10.6348
68.4354
106.345
27.2061
68.5037
59.169
0.961793
5.88513
24.5017
48.5552
95.3969
18.9617
2.88023
115.383
192.522
MET does not have solution even after MET smearing.
The solution is returned as if Delta was zero ...
72.1177
57.2974
173.709
15.9107
87.8803
99.1792
9.52935
80.3719
67.5103
75.974
145.418
MET does not have solution even after MET smearing.
The solution is returned as if Delta was zero ...
27.0056
40.7947
60.3836
78.3096
67.098
6.88477
7.23419
79.3523
59.5954
55.7476
35.1781
78.4466
89.6437
89.5084
79.8253
86.6518
103.849
4.19479
56.1916
38.5998
87.6951
67.1388
71.5795
54.0087
45.5905
40.8916
62.8249
72.0697
27.1405
50.4318
7.30604
79.1363
55.2164
68.7325
64.8659
83.0152
84.5659
77.8234
29.1801
0.788847
79.0955
49.3524
60.8577
92.416
42.7759
49.0443
94.2355
31.882
63.7778
103.636
75.2122
131.134
112.924
9.6888
25.9838
75.1702
32.4794
29.2281
30.806
24.6876
77.1305
80.7185
11.4108
50.7923
85.7491
57.0751
62.5946
6.60633
113.863
35.2557
45.4239
36.858
91.5029
95.8787
91.4642
48.3949
42.6049
93.2933
41.9934
49.0158
62.7639
85.3922
68.5119
56.7438
80.3892
74.7521
9.89457
26.0537
92.1649
97.7585
40.1623
44.1327
69.4294
93.3297
25.8881
96.6202
89.6275
76.9998
16.3397
86.7851
89.1046
59.1028
88.0359
89.801
42.0644
78.805
92.6435
51.8977
50.8946
73.1634
47.6549
80.1321
109.181
60.4117
24.7618
5.56133
140.539
22.9234
95.4544
18.3083
2.78545
64.0925
66.2256
63.8545
71.7608
78.7966
17.5373
76.634
70.2809
90.5239
77.5643
146.352
MET does not have solution even after MET smearing.
The solution is returned as if Delta was zero ...
125.641
47.2379
27.1064
48.2284
74.6128
71.6007
18.5406
62.7276
85.7664
37.7971
83.8454
78.7861
132
74.7296
30.8332
45.9565
102.81
37.3227
25.2079
39.8942
39.0696
28.4136
8.86657
83.0122
96.5622
54.324
77.2746
36.615
65.6141
72.1176
35.6726
60.9439
74.782
75.3716
61.2233
92.4701
79.7435
15.5057
117.246
84.829
78.9448
86.1841
48.4265
68.2501
92.2758
7.57054
67.2411
61.8211
64.5987
122.888
24.0658
67.3477
77.3014
85.2926
74.3339
93.4373
69.2174
24.1066
91.2661
72.1645
38.7375
70.5299
54.0228
40.3092
34.1605
45.4174
75.5036
88.4334
98.9926
0.402801
58.5833
81.9577
4.32917
2.12802
62.8762
59.7019
67.1878
81.2228
17.0051
47.9027
71.7371
65.8754
11.0613
78.5724
45.3813
19.4459
84.2945
85.8256
20.614
13.9153
57.8439
48.2541
47.6965
58.6693
52.2213
76.787
68.8365
76.2346
85.0578
103.956
96.6092
11.9722
109.253
75.3641
32.5675
35.5485
57.1306
90.4865
98.374
80.4451
79.1686
74.2171
62.0623
68.9487
104.042
86.6631
66.5879
83.2253
72.5819
30.3819
69.4561
55.6124
118.777
44.1419
109.198
85.2839
83.1789
75.0631
73.575
103.117
83.0429
101.577
81.166
19.4112
63.9797
79.3038
49.3858
56.6776
71.4984
72.1857
29.8449
78.4051
2.01671
44.0247
105.721
57.7635
43.0578
17.4647
40.9543
46.0803
73.2374
56.0205
45.3832
83.9326
97.0604
13.3907
20.7627
81.7913
51.2865
5.24236
69.9593
98.2728
28.9684
56.7468
74.3229
67.7938
67.5154
95.3768
40.3988
96.3691
86.7923
81.395
96.3853
69.5717
112.286
83.2518
47.5096
75.485
71.2957
39.1528
67.9228
93.0814
66.5425
58.7472
43.7582
42.1365
55.7533
79.7497
12.522
39.8041
82.2808
53.4782
43.9888
91.3702
0.0556646
105.89
70.0262
70.8209
98.3524
8.39906
43.2368
22.2178
52.165
60.6841
78.0235
48.7891
57.764
79.925
52.1006
22.7019
99.353
37.2632
66.6647
88.8569
81.4107
95.2186
62.1898
154.876
MET does not have solution even after MET smearing.
The solution is returned as if Delta was zero ...
86.1973
47.1768
17.0051
112.818
21.8336
25.3772
15.1131
20.0049
1.02528
72.4229
69.8029
36.0169
81.5582
8.48548
98.3311
3.62814
122.651
MET does not have solution even after MET smearing.
The solution is returned as if Delta was zero ...
1.7517
75.8381
74.7291
119.542
60.0535
18.0315
85.4433
19.1794
145.724
30.5279
70.5886
127.913
84.8542
18.5011
95.77
107.372
91.9563
45.9533
98.6414
90.2524
2.5391
66.1016
44.9004
35.9567
27.3045
100.786
53.2855
62.7384
75.1266
71.0789
70.3812
27.4622
78.1303
63.2336
83.5121
83.8584
103.914
85.3649
52.8092
7.22849
115.177
76.3281
53.7854
47.318
78.0018
69.3769
74.4497
81.5901
47.2188
85.1014
53.7295
26.3709
9.66508
25.0542
24.3394
99.2016
24.6401
83.4156
74.757
45.0179
45.9946
84.8748
18.4153
55.0985
49.946
18.1283
83.8634
10.6069
88.5898
164.366
121.347
106.838
69.8667
59.7129
31.648
91.6584
74.5784
130.866
109.922
70.8423
20.3556
102.487
47.194
61.0099
60.4875
86.58
107.649
82.9829
56.9712
75.5526
83.3636
38.3578
84.6733
38.409
64.2419
15.4978
26.6431
6.22317
67.1785
76.4161
10.3144
107.208
73.9445
78.3911
28.3685
94.89
44.9461
98.6942
79.4724
97.4066
35.5229
20.8977
33.4031
76.593
69.1047
43.6522
71.1637
88.4015
86.4434
145.649
68.487
73.9494
75.7274
6.28087
4.83034
97.18
22.807
65.4144
87.2052
53.9143
86.7866
95.5412
97.0344
34.0972
72.5779
61.1139
93.7524
113.093
57.8783
127.575
72.2849
18.4792
99.0292
64.6976
58.5606
64.3505
49.362
92.0606
15.8053
112.594
53.0542
76.4163
31.3307
126.034
MET does not have solution even after MET smearing.
The solution is returned as if Delta was zero ...
71.6847
68.2222
76.9001
47.5055
13.3244
62.6862
52.3495
95.8856
74.0816
63.7516
72.9175
85.2134
27.7206
68.0262
80.1908
97.4948
33.382
82.816
72.7949
31.5577
74.9743
2.58387
49.2256
50.1153
75.8564
35.9387
37.8388
19.8964
27.8859
88.3692
62.5495
1.2662
62.6582
73.9437
35.3627
12.4068
69.4992
81.3606
52.049
56.6259
54.688
83.2648
89.807
39.9742
84.1125
39.9057
67.975
39.6078
63.6908
106.201
65.9736
81.5676
46.052
21.7184
35.1749
65.0165
102.989
33.7252
76.7692
100.252
102.823
87.5832
51.8392
3.78859
105.495
58.4057
78.3267
66.738
147.952
MET does not have solution even after MET smearing.
The solution is returned as if Delta was zero ...
79.4312
62.911
69.838
76.8372
1.78442
104.125
79.9174
88.5658
21.8766
37.5132
35.5183
58.2911
95.2062
62.1066
57.7678
92.7023
100.312
63.8581
9.98893
79.0542
71.1675
123.267
MET does not have solution even after MET smearing.
The solution is returned as if Delta was zero ...
94.7784
82.0548
122.372
42.8912
75.6885
151.305
MET does not have solution even after MET smearing.
The solution is returned as if Delta was zero ...
103.417
35.0732
27.991
10.4884
49.8591
121.867
74.7332
40.6992
65.2165
46.9959
19.3248
69.0918
71.6859
40.1319
64.8734
45.1974
90.146
53.3465
76.4815
5.53217
5.06098
87.6351
79.9696
27.4891
10.7346
106.648
39.3155
102.823
88.3343
79.3355
80.9421
29.8764
19.6757
133.577
69.2082
62.6866
124.12
85.2305
76.9063
44.208
23.3159
10.6171
76.2929
85.8447
64.676
84.109
31.7073
125.847
20.3312
43.0741
92.2193
98.4441
33.692
96.7388
53.7789
66.1613
42.6799
85.3222
6.627
53.9791
68.161
32.4973
65.1833
66.0518
51.1057
77.2419
12.5115
48.2218
23.4981
37.4684
52.8016
74.4358
89.6541
40.2787
53.4925
81.5834
47.6704
67.6217
111.257
92.1919
78.1002
53.5929
47.1342
74.236
67.4898
61.5051
28.9619
21.8615
43.0292
55.3093
85.7411
0.71258
83.5153
84.5037
116.791
53.8608
68.3866
50.4519
68.7535
56.3378
76.2074
55.328
73.4471
57.4632
89.1899
49.9536
74.6561
85.0022
76.633
76.471
57.5038
97.2463
45.198
69.4535
44.2974
74.6624
5.74871
88.3637
70.1507
27.5772
70.7684
43.3243
46.8979
107.039
60.4996
84.5673
16.106
62.7658
90.5883
70.3133
76.865
54.2856
112.695
60.8628
74.684
91.3254
71.9811
0.658643
6.3134
87.2899
69.1334
57.4765
43.9629
12.4361
25.1339
23.9799
80.1132
63.1431
145.925
51.6185
56.8158
22.8861
103.471
76.9076
62.489
93.9813
63.2544
80.2753
86.6132
83.3653
23.4356
70.6275
72.0753
17.4506
78.7251
9.23567
127.309
14.0155
52.8916
93.7511
88.4896
34.3845
18.1054
46.4184
72.0901
44.172
85.2301
120.753
71.0143
40.4492
61.9821
60.6153
14.5878
52.9891
77.8553
30.562
67.4189
71.3771
63.2191
50.1515
89.8173
85.2308
33.8834
25.9771
133.333
63.1672
12.3305
59.2994
61.6303
81.4702
38.3382
96.2666
80.1595
74.5143
44.8334
55.3865
72.6404
33.6156
39.8951
80.1615
90.8704
68.3934
0.738463
107.829
30.486
70.4884
19.4553
15.1331
109.374
63.2483
61.5996
70.5045
51.1347
57.742
90.036
114.443
53.3446
8.5123
59.69
30.804
32.8735
31.0447
9.79585
37.4062
84.0455
89.4595
107.083
46.6014
46.7848
38.0013
37.9473
32.7665
81.675
85.5012
31.0361
61.9502
76.6435
89.5596
54.4006
48.1422
60.7675
28.5586
2.44509
34.957
68.4035
44.2184
53.5388
83.953
17.9364
83.6011
12.5819
68.5595
33.796
105.18
116.959
67.9459
98.1874
116.999
56.0865
82.4823
48.0914
80.5835
94.5713
28.7409
121.429
70.686
63.4857
40.2343
41.984
78.6785
38.4401
44.2341
29.6341
61.6466
1.99033
68.9031
79.3001
100.476
49.2635
1.37931
98.2373
43.2124
98.7257
10.9164
54.5334
54.7056
81.9767
145.586
64.3423
109.893
107.898
1.48076
11.5214
76.3211
58.2126
31.9972
88.5695
54.1864
51.606
11.2669
39.9233
82.8617
1.63845
87.9289
78.4404
130.714
87.7399
35.5373
71.8836
85.4251
12.132
77.5613
60.4531
114.851
62.3176
34.9827
88.6516
59.1063
40.8286
84.8365
34.3798
83.364
75.5833
21.3499
71.5187
47.9704
58.6794
55.1453
10.2635
95.4681
32.1182
59.5625
5.32506
28.7758
34.092
37.5758
39.0071
80.1302
72.8718
71.2719
44.753
48.2197
51.6005
108.1
80.49
52.3417
72.4688
34.0615
79.7522
75.554
0.284654
37.8779
44.0542
81.9187
84.0068
98.6531
39.5754
88.0939
0.301453
51.8078
75.6066
49.5786
64.3794
55.9314
79.8815
52.7527
62.762
43.6469
16.5425
34.8409
50.7371
92.3027
57.081
91.0323
37.4339
27.1059
61.4974
159.862
47.3988
4.3514
81.9208
71.2474
43.2146
22.3459
78.362
94.3009
77.4613
78.3242
11.9146
31.7017
53.7167
61.4304
94.9587
34.3597
20.7194
18.7211
19.2183
84.906
3.24454
59.5299
57.7493
74.4538
49.8073
74.7519
81.2444
103.459
42.6481
27.0986
33.0612
69.7891
62.8655
14.9335
128.444
MET does not have solution even after MET smearing.
The solution is returned as if Delta was zero ...
67.9285
90.2791
87.7018
21.5644
32.7108
65.2788
16.6752
45.3222
85.1766
47.8231
43.5208
96.9221
40.0528
81.3494
3.92037
66.5007
53.2283
138.544
21.8696
14.3562
25.1378
72.2705
21.7455
63.6558
83.8275
85.0397
42.8112
71.6671
141.414
109.672
84.6939
66.4565
79.6295
46.7465
66.1089
99.1287
87.3981
29.2624
65.5461
63.2665
74.0435
94.6261
37.7218
26.3961
47.0669
25.7627
76.6819
52.0946
69.8753
83.6756
75.7227
146.67
87.3187
82.4575
66.2468
48.0418
60.5612
58.9131
39.1277
49.7663
12.3552
35.3494
67.3794
51.3057
26.7455
36.5158
70.8587
27.9544
44.0867
76.6202
108.408
31.1406
63.822
16.9587
90.9468
75.5855
19.7614
16.7928
8.98007
50.73
28.5156
64.4193
81.9439
71.8102
16.8081
147.98
70.4828
75.1874
81.5966
74.2479
36.8332
62.1989
50.9958
23.4395
43.6407
74.6107
75.3614
72.1476
87.7486
24.8498
46.3622
21.1438
62.8732
101.815
42.6278
6.73828
35.0942
85.4813
19.2804
35.9636
5.0481
37.4323
42.1119
11.2407
65.298
98.6319
19.8229
83.2368
61.3783
50.5624
26.0484
68.2418
16.4943
91.0869
66.3845
27.3381
92.7399
44.5925
57.9025
75.6728
78.1269
74.261
10.8381
89.3611
77.0425
49.6596
11.878
24.0677
89.9835
90.8397
70.8593
8.62463
58.4441
23.5704
46.6579
79.1736
52.2489
24.0471
75.0542
4.15917
67.9158
27.7611
75.0969
82.3776
143.688
95.2066
10.699
53.0423
83.2211
85.1444
43.294
43.908
63.1231
87.7077
65.9152
50.5709
38.6659
46.4549
85.6387
54.5916
77.5068
143.512
MET does not have solution even after MET smearing.
The solution is returned as if Delta was zero ...
42.7022
53.6181
33.7869
27.9717
40.5304
39.3773
26.9618
102.126
33.6203
96.4636
37.0734
47.2529
66.6751
88.6611
61.8445
39.8643
45.1337
45.2965
40.4996
67.7829
46.4322
91.2327
30.0904
14.0674
47.3906
62.3993
93.6541
84.6024
92.0111
96.0723
30.1618
49.5106
94.37
124.134
59.6376
65.2693
82.5125
86.1479
51.0424
42.1079
60.2646
97.9132
92.9927
56.2586
45.511
3.55198
67.8925
73.5239
10.4998
76.2194
79.1385
50.9177
47.3098
62.5593
84.6993
72.7835
63.5849
0.398293
50.5571
27.7092
48.4071
46.5224
64.8474
58.7028
82.2762
49.084
67.5198
45.8236
55.4585
162.302
MET does not have solution even after MET smearing.
The solution is returned as if Delta was zero ...
79.6769
4.38681
92.0269
105.823
116.201
45.3535
111.967
66.9803
47.038
75.9128
46.8353
104.126
73.6299
75.8875
70.4932
80.2577
72.975
46.9151
94.4599
0.321581
56.1431
69.6563
73.5619
15.8264
26.1725
46.4477
65.6831
47.1054
38.9919
30.7891
10.7014
64.4242
68.6819
82.2846
13.7209
73.2939
105.746
60.7682
68.7086
31.3959
29.2389
42.9045
30.4635
66.5563
90.6574
80.455
49.2345
58.3094
29.529
98.9162
97.0958
16.714
91.0081
106.254
65.0732
99.2639
79.5469
4.4595
49.088
74.3846
99.8732
81.0265
51.4123
127.837
50.1741
60.5371
75.6375
21.8304
105.696
64.7121
86.2083
110.107
128.242
1.22096
87.1043
6.49514
72.4758
94.2253
60.8023
110.613
84.9891
37.1938
25.0679
71.4638
21.7387
8.64169
108.439
78.7855
54.1727
84.2949
9.72835
57.1233
18.085
69.1887
53.8028
75.9469
75.3822
13.3729
77.0579
29.5334
28.0748
84.6879
77.1237
76.8092
68.117
38.8201
50.2618
45.6108
48.9678
77.3721
84.1926
55.6078
37.2635
5.35692
14.89
28.494
82.9532
64.7069
69.732
57.0527
36.1432
10.8881
66.1458
15.5937
71.1745
93.0376
37.6965
30.0371
58.9349
4.6334
120.874
18.1381
12.671
17.1355
81.1383
134.279
MET does not have solution even after MET smearing.
The solution is returned as if Delta was zero ...
44.7509
57.6105
38.3005
59.5419
74.0348
74.622
89.9188
79.3427
32.8308
33.3723
53.8125
75.7013
80.0097
97.4866
106.717
44.6763
78.5094
90.5268
26.3333
111.268
1.67222
89.3833
36.192
26.793
81.0693
69.2031
51.6421
13.3621
47.2574
31.6957
59.8815
65.8324
60.6438
22.3079
17.9707
35.4661
79.7453
68.8908
85.573
32.2824
89.2363
4.98264
84.437
25.5887
85.9631
73.3561
79.7431
38.3503
82.4472
89.7066
56.7424
73.94
4.43172
77.5803
55.3668
23.1775
64.7319
13.9895
67.9925
12.1337
112.299
59.631
40.6361
67.7895
68.7354
46.5787
29.9543
83.4368
47.2255
95.7433
46.7325
56.633
39.2732
9.13216
32.4616
59.2854
87.8175
117.581
1.00329
5.80369
34.2945
72.7621
65.2214
14.8462
33.5109
42.229
100.988
90.4857
52.5614
37.7122
55.4207
104.063
99.0403
90.6031
76.8467
61.4876
68.2209
90.2369
66.2793
33.5699
80.804
33.1828
49.5489
98.3475
43.0168
86.3301
104.373
62.2615
25.0828
61.3892
21.1929
104.012
82.6201
49.8722
12.5581
12.4686
35.4199
12.3089
99.6624
107.039
46.304
54.4234
88.7039
9.27536
18.4436
80.3976
68.6707
78.2715
78.0086
89.1971
25.0375
51.1881
3.01126
66.6865
48.2557
34.8468
2.62099
45.2315
8.55347
100.094
53.3859
83.5428
11.3465
54.2026
80.9461
48.2487
87.4621
80.5089
94.512
15.303
42.9983
27.8365
65.1314
46.5291
75.5944
100.841
146.994
87.6299
13.1898
89.9953
56.4424
77.1598
49.393
65.766
132.73
70.2094
66.1793
41.9788
27.7787
70.2236
89.7335
22.4847
18.4422
68.2945
111.876
70.1387
86.8707
65.9346
104.095
20.2546
50.1795
143.754
MET does not have solution even after MET smearing.
The solution is returned as if Delta was zero ...
52.5686
4.3181
78.3667
42.3828
46.9626
63.4837
92.5133
81.7716
80.6752
72.7416
21.395
85.0731
22.9242
19.4288
47.2221
87.1387
116.827
71.9396
69.2613
70.8545
40.9193
104.024
53.6775
70.7293
94.5064
111.419
70.6407
76.6548
80.7506
70.2284
77.4214
110.026
55.9179
73.4023
57.5501
128.293
83.1083
118.102
29.5364
80.6839
92.4208
4.08858
77.922
94.5062
47.1382
85.8965
114.769
19.9105
44.5516
41.849
61.121
19.2135
70.6439
70.4718
74.8087
54.7447
17.129
75.2342
75.119
86.3476
28.6867
78.8842
54.0181
91.9724
55.2905
63.4817
50.836
23.9054
93.7599
47.8042
36.7525
67.3493
0.477689
82.8311
78.8065
59.1933
7.45726
10.2164
33.7686
63.2016
24.7818
82.2656
8.75457
67.9965
39.5959
80.3417
45.9945
69.5466
94.9044
106.747
126.098
83.5192
59.5342
78.6381
78.756
68.1041
10.7806
87.0553
73.3496
9.87739
22.3344
81.1062
101.661
33.9214
79.4734
63.0683
3.52311
113.969
69.5304
50.8027
82.1098
13.9901
95.417
72.8913
54.8878
67.3353
44.1912
55.9244
66.7433
81.1661
16.6125
41.101
63.4207
78.2211
93.7784
18.7942
24.3002
54.941
67.5402
66.2377
102.715
72.6392
1.79645
28.7272
98.9538
71.1888
75.8273
26.6377
79.8962
21.3723
88.2562
54.7205
66.6819
48.7421
83.83
77.1663
55.7789
70.74
72.7631
30.9832
87.4435
53.8935
70.0012
11.015
30.5145
12.5769
67.9919
54.3759
117.91
30.6466
78.151
4.69085
25.1457
47.6874
29.8295
85.0226
70.1617
11.3938
25.3653
83.0952
2.36088
59.3334
38.0153
62.804
78.8708
7.71344
4.91838
50.9956
51.1351
68.8709
56.2531
38.8142
65.626
20.733
95.4705
71.9721
91.6233
72.41
78.3809
46.3719
76.1867
58.5826
0.308921
36.0038
10.2746
110.801
107.817
79.5891
71.9197
16.5088
37.686
13.4111
47.1604
48.5827
25.5426
32.8137
2.71639
4.26495
7.03702
83.2343
8.19227
78.4106
83.073
2.88898
1.94711
39.5008
98.0486
18.211
73.2033
17.4038
66.0641
84.5245
48.7769
57.9053
21.4004
40.451
72.2638
28.0102
113.352
104.184
78.3817
96.8509
94.6148
63.5428
13.2585
56.8257
52.4442
132.513
90.3386
69.8861
61.9236
96.7814
11.1788
62.6801
80.3707
74.4106
77.5535
84.2764
71.0161
67.1321
49.3804
74.8927
26.8684
70.2878
30.2093
96.8045
74.2734
101.632
55.2251
109.466
61.2934
78.567
70.2687
69.4861
47.8295
50.5234
86.4856
21.0291
31.4341
64.5039
70.3976
94.9822
73.3999
22.7493
26.6347
18.0211
102.546
55.3181
89.9098
8.60026
84.9262
22.4754
36.8612
23.7285
73.0205
114.914
79.404
59.9425
77.078
128.822
17.0913
68.1826
23.2996
8.12764
63.6701
86.6526
76.7559
5.52539
58.2898
15.1219
23.7188
27.0806
67.876
65.0981
47.1002
60.9842
28.4547
37.6667
88.7174
73.678
19.8385
92.6775
145.605
45.3075
12.379
90.1574
72.3163
50.2878
18.9056
61.0439
41.8293
62.4777
88.3019
137.084
55.9082
37.7858
62.1169
7.74181
52.225
40.8446
116.039
61.2757
49.8069
44.783
139.535
MET does not have solution even after MET smearing.
The solution is returned as if Delta was zero ...
77.4667
38.4567
30.3564
69.4467
56.131
30.9704
4.89433
320.259
MET does not have solution even after MET smearing.
The solution is returned as if Delta was zero ...
74.5925
4.74707
69.6382
78.3993
28.6512
51.9007
83.4834
64.5869
6.12508
90.2519
55.9755
22.1219
45.6426
98.1389
79.1426
68.0546
27.2105
29.9347
17.2159
70.2551
67.9844
80.22
59.3719
92.7395
90.2293
82.9212
13.5381
93.9135
57.6249
79.0918
64.6687
17.9673
58.5745
96.6274
124.047
17.6771
60.781
61.3043
143.746
70.5902
65.0248
76.3745
83.1182
25.5966
130.707
MET does not have solution even after MET smearing.
The solution is returned as if Delta was zero ...
88.8776
9.43282
83.9453
73.1521
84.5615
54.9798
43.8696
79.9796
84.0589
72.5905
68.2344
82.2982
35.9824
3.5984
35.8614
37.787
76.0638
55.3847
40.0072
27.8043
72.1743
82.6743
62.8116
49.2932
26.6297
70.4235
4.34373
67.4308
77.823
86.8371
94.2962
69.9431
9.85813
58.7803
114.965
97.7792
132.521
73.113
47.9026
83.5642
70.0527
78.1724
78.5691
62.9374
90.9027
76.2731
125.581
MET does not have solution even after MET smearing.
The solution is returned as if Delta was zero ...
57.6303
92.548
79.2047
76.7876
69.4194
71.7565
77.2294
79.8565
56.7607
96.085
70.1281
85.4922
127.112
69.9915
44.3366
107.69
85.3762
89.0752
90.1213
109.609
71.3719
70.332
93.0331
109.727
23.562
15.8356
12.5094
54.9943
66.1687
106.659
70.9578
48.8816
82.525
46.5052
66.5996
93.1112
76.5355
45.7577
50.1118
41.1508
56.8826
81.8573
61.6605
20.923
76.3338
10.3044
55.0246
93.1928
104.147
47.9685
79.5855
104
66.5172
48.2148
80.3427
29.7296
11.4689
20.2546
49.8124
58.6169
56.5427
49.971
25.3683
86.4964
55.1701
14.0208
100.909
60.9898
84.1068
52.0673
35.5857
33.7564
97.0698
84.9202
34.1082
42.1648
31.0771
19.6616
44.6622
42.2417
23.7506
95.0033
56.5206
62.7402
79.0375
62.6548
68.1198
100.422
70.4843
65.4631
48.8863
25.0499
72.6366
89.5727
126.703
73.6951
75.6072
122.25
88.5745
66.4855
69.432
64.6008
104.091
92.6265
8.11523
1.18921
84.3907
67.0463
13.0567
23.4921
60.0689
44.8283
75.3796
2.38741
41.8258
10.7187
87.65
3.0362
74.5528
6.54749
69.0588
37.8888
77.0956
15.2573
21.8332
50.7183
18.9147
85.5362
16.2918
120.558
64.5429
92.5219
41.7279
76.8574
53.654
72.2878
96.1204
56.3239
73.1842
70.0608
46.7788
69.4621
63.6793
41.6813
71.7294
93.8857
7.34382
54.7378
64.9074
83.3794
72.4154
41.5934
48.9807
80.7089
18.0135
77.8389
53.6311
63.1404
142.507
MET does not have solution even after MET smearing.
The solution is returned as if Delta was zero ...
18.3248
58.2081
37.3429
96.1367
92.8389
67.5696
82.4381
85.9218
67.8154
34.0899
96.8669
97.8773
80.304
57.1132
12.3905
103.69
25.9091
50.0804
70.9235
83.0164
64.7223
55.6679
19.5541
93.4911
92.0659
118.163
39.2303
49.0997
19.1286
69.4306
51.1397
59.212
80.8313
31.6978
55.3709
25.2356
63.5241
81.8042
38.5642
112.306
105.695
81.7427
60.3196
183.075
72.7671
46.0338
29.482
99.9936
95.221
71.9225
73.7986
12.5339
77.6591
88.4489
74.7452
25.0075
69.6101
18.3974
124.151
MET does not have solution even after MET smearing.
The solution is returned as if Delta was zero ...
82.1533
10.7688
58.4053
127.168
46.4157
74.6514
102.193
55.0373
83.2814
57.1211
60.0583
61.1784
82.9071
72.9801
106.271
4.69588
114.077
66.3961
12.0991
59.9669
10.729
6.2192
23.8971
79.5158
91.4242
43.2247
59.287
53.3626
77.9024
46.0943
49.4239
27.4995
84.1595
23.5707
16.0923
90.2918
70.3544
30.9742
61.5679
40.4055
76.7396
61.1312
85.1615
104.02
95.182
10.7132
109.383
81.1006
60.0589
106.054
95.9088
4.05932
68.7426
94.6448
105.353
52.9596
80.2203
76.3202
69.5667
75.2346
25.9139
83.7054
50.7418
5.45539
55.0672
24.8459
60.5695
58.4033
96.8974
54.3892
64.3097
5.57809
62.9219
99.7187
2.66964
17.2805
82.6319
47.5717
50.7107
28.5473
50.3861
71.6134
59.3852
70.1342
17.1666
101.747
18.4195
42.5231
100.512
97.1419
28.4066
56.3695
7.47481
92.0211
78.9348
34.6054
3.8376
47.7589
41.1338
116.106
50.9582
82.3757
58.1868
66.1725
9.67697
22.0936
82.7233
52.0638
50.1378
58.3381
80.2917
92.5926
56.2939
12.2375
57.1102
116.633
46.5716
70.7998
86.1581
63.8417
39.6951
85.2557
12.2802
87.5133
23.4124
69.8192
32.0542
54.0927
10.5259
54.3004
129.382
20.7444
66.6046
29.1572
79.0509
80.539
6.43048
63.0784
77.718
9.52262
31.7094
79.7035
33.9341
72.2586
74.5852
50.47
42.9179
60.9535
75.2521
48.5617
40.5161
66.6183
46.4954
61.2846
32.6941
58.396
80.4458
87.6023
84.8178
67.7673
26.9759
88.8469
76.3485
87.0039
62.3891
72.4464
15.1547
60.9715
76.9505
34.5545
15.863
106.339
96.7341
69.2833
62.6527
99.3844
14.7012
60.7751
91.7902
56.0587
95.2491
138.285
3.94925
87.7634
68.0034
37.6324
42.4233
104.313
60.9479
27.7788
71.0932
74.5736
22.47
36.0254
74.0843
79.564
46.7401
50.102
15.6109
54.8178
92.0457
74.1377
58.1725
28.0206
62.3345
83.1297
187.765
66.0079
40.5591
90.2592
33.4353
158.845
33.4286
121.165
54.7536
82.8162
41.9977
63.9995
78.254
81.4445
44.8895
19.7218
60.9326
65.8182
70.608
15.4149
81.4718
62.4026
15.2722
5.65206
115.855
71.9569
63.2971
73.9856
71.4796
5.21445
87.0284
81.3217
58.8073
85.0249
68.7825
73.029
81.6709
7.71208
67.7218
76.5641
1.59086
58.9954
121.614
98.607
56.4132
27.0172
62.6133
54.986
69.2891
73.5822
49.0749
36.4241
129.349
MET does not have solution even after MET smearing.
The solution is returned as if Delta was zero ...
50.4923
65.6855
66.7485
9.70573
21.6234
28.1986
113.393
110.103
74.2183
102.93
86.0803
15.9141
19.7648
77.1131
112.069
63.2808
54.2359
16.1564
22.4722
93.1614
14.7897
55.8195
27.2463
22.4719
52.512
42.5535
97.362
76.7943
11.855
50.1051
101.208
55.5267
67.902
72.8615
61.567
47.0919
73.4364
91.54
85.6903
57.6413
49.6663
99.5836
82.8034
30.9331
40.5415
25.6583
41.2768
57.0638
68.985
16.7998
36.9314
69.2495
65.521
97.6173
19.7316
54.1957
3.2423
100.505
137.585
MET does not have solution even after MET smearing.
The solution is returned as if Delta was zero ...
32.0843
38.7936
6.51139
90.7867
38.8202
94.3094
65.2696
42.751
4.8275
82.4672
73.8279
70.7573
76.0904
69.7947
70.5389
70.5146
74.6561
79.6735
75.5136
46.1596
85.525
46.6456
61.5693
86.8233
52.1557
31.8499
124.347
75.6771
70.1189
52.5993
102.476
21.3201
36.8784
48.3005
90.1505
30.0125
47.9313
74.7972
10.8194
54.8057
20.6107
79.1084
83.5813
54.4453
79.8001
68.1712
80.3559
42.6293
107.053
44.9047
49.4984
68.8947
87.3226
71.1381
59.0612
42.1104
60.0862
44.6419
64.3606
42.7842
69.8071
38.2854
74.8424
44.5317
21.2854
53.5702
55.8318
72.9998
97.4585
103.084
87.7007
46.2792
23.1331
15.0344
22.6591
3.28254
96.3795
85.1691
96.3228
56.8168
66.5855
55.3753
50.7375
62.0032
58.8829
68.1406
54.2235
28.1839
48.5958
14.5157
33.1915
72.9105
65.3889
76.4198
68.3601
53.2197
68.3066
43.3633
2.2902
63.9772
78.7669
61.0152
78.3661
81.3451
4.89842
102.034
69.4241
23.6395
22.3295
105.182
12.2423
10.8759
85.0864
36.1575
54.3056
75.2372
81.4479
115.254
76.5227
48.3037
73.3323
47.7756
19.3396
83.4139
43.222
87.7253
21.1122
57.7381
65.3421
54.7777
70.8297
11.3096
59.4282
99.4649
39.7455
44.3436
79.9547
86.4307
49.6854
72.2206
86.7872
56.1278
56.2908
58.226
3.18311
77.9491
74.0535
42.7287
26.0212
46.6077
117.753
61.0755
5.57012
31.8634
17.7465
104.591
3.45247
55.1356
57.5309
47.0374
87.8091
49.5876
62.8373
86.3496
79.7252
27.4219
89.7189
57.5712
69.3024
78.2962
30.3359
80.5503
72.8273
152.697
11.6418
56.5555
94.3301
94.8055
103.673
23.9662
10.9974
8.91183
26.9145
19.2053
62.2692
58.9979
23.6704
95.1425
36.0519
34.1297
0.0790014
14.8175
59.0081
21.9374
62.5452
22.7743
47.7971
84.499
11.3848
121.305
3.64269
78.6948
33.1406
48.8164
107.645
103.062
29.3453
50.9717
53.6351
81.2103
82.6376
137.578
57.7892
121.389
77.6268
84.583
104.549
30.9892
23.4969
38.7335
71.7095
59.7514
74.3477
2.49276
26.3883
74.8108
80.7068
93.3747
105.252
3.72655
30.6826
51.9379
37.0136
87.4875
47.6418
90.487
90.3917
61.1511
40.4236
91.0816
85.6604
3.93392
54.879
0.683539
1.89326
97.5641
75.5494
94.8719
10.9711
0.918278
132.549
103.426
61.965
101.601
71.6334
7.7213
79.948
9.08911
135.644
76.5781
53.9643
87.3638
5.89324
74.5559
69.0831
43.3137
70.4294
21.8406
17.0899
45.2043
2.98677
137.387
MET does not have solution even after MET smearing.
The solution is returned as if Delta was zero ...
67.8869
103.149
20.3023
68.7612
45.509
28.3868
62.6321
11.7224
43.1941
84.3283
85.4574
70.5694
28.9318
48.4161
39.8253
7.98923
77.7522
25.9112
31.8348
52.7867
52.837
112.016
72.7645
55.4745
109.739
60.4881
64.4668
67.968
61.8798
80.6362
7.65265
20.2082
72.8962
130.266
27.8683
4.54731
94.3958
58.0939
24.4521
52.2709
76.713
5.32115
49.8061
62.9867
79.008
8.00077
40.8386
85.5681
98.9604
13.6062
70.8455
58.6098
71.1871
7.42634
85.4828
78.8271
91.791
40.4162
53.1718
26.6717
56.5015
21.8596
83.3767
55.7309
30.8369
56.7269
65.3671
16.9521
58.7236
42.2965
72.2188
102.381
23.731
22.7443
92.5895
50.7815
79.8875
41.0194
62.9911
46.2122
92.35
81.3541
90.4503
91.3657
114.08
90.4521
94.0381
51.4386
23.629
74.8308
72.0375
48.8099
18.8617
71.4512
58.3989
59.6018
65.4603
63.7492
45.2722
68.3824
1.91841
47.1539
63.8774
111.164
1.48768
103.239
76.7192
73.664
73.3551
25.3288
57.0737
31.5372
44.7056
74.6539
70.0179
44.7105
63.8345
15.7947
76.1411
69.5559
11.4493
73.9733
67.4692
51.8623
41.3962
44.6689
64.5331
64.7308
50.8701
74.9971
36.1137
82.6125
82.4154
53.7541
98.7173
46.4792
169.079
MET does not have solution even after MET smearing.
The solution is returned as if Delta was zero ...
26.2575
25.6293
80.5045
81.5192
12.0027
61.3289
138.709
99.5077
75.5101
37.1328
66.846
34.9766
80.2615
59.9618
56.9122
39.3794
64.4695
30.3534
61.2394
33.2265
39.0237
82.7017
60.879
76.5171
67.9318
58.098
68.6136
74.383
46.0881
101.717
8.39898
60.6236
33.3414
40.4003
76.0271
0.76821
69.7302
57.3317
66.3086
74.1097
17.6085
72.49
49.601
51.6517
73.1482
54.0863
101.165
41.8245
39.7469
46.6753
41.3075
103.841
57.0088
67.8837
107.011
47.086
32.6318
75.2596
32.1037
22.0501
63.9446
111.308
40.3116
55.7923
80.5529
77.92
5.43556
59.0197
117.655
74.7618
92.2019
111.641
75.1818
40.5212
92.6323
108.618
67.7644
78.5912
90.2964
43.2768
124.126
63.5081
27.9411
44.7217
37.0514
80.0807
18.6407
23.9603
34.069
88.0716
83.5673
18.8288
50.2275
60.2078
46.3508
54.2365
68.6914
81.2013
38.8243
59.836
59.3939
94.4459
84.1043
53.1436
27.5176
81.8112
61.9381
88.2574
63.9016
74.1391
2.41892
16.4303
91.2216
77.5316
76.6509
81.9879
76.0532
81.0675
74.7891
98.3663
30.4908
50.02
82.414
57.2753
73.5989
21.1771
72.9546
65.806
78.0486
100.343
118.436
42.0941
10.3031
66.2703
139.657
105.667
17.9984
32.3993
57.9439
45.5006
80.1528
72.8327
72.565
75.4877
62.2522
76.8051
89.3685
59.2015
42.1366
93.0808
129.791
94.7258
67.4131
93.3391
32.3113
34.276
26.5161
125.553
83.7511
5.55679
63.4189
60.4797
19.6504
67.2053
80.2953
16.6212
58.6828
59.4986
23.4786
45.1466
62.4835
88.3248
24.9543
32.5382
31.9009
92.2983
2.39856
85.0581
46.3434
60.2509
71.5582
25.2128
55.1372
38.114
155.821
102.404
33.2592
25.3666
0.794242
2.24847
11.9599
118.417
60.0297
71.601
28.0452
31.5801
86.6836
101.067
18.4349
70.4148
8.96621
75.9037
68.7529
51.7973
51.1817
66.4984
63.0723
110.707
54.0419
3.6177
88.3554
12.7978
49.957
79.6889
18.4852
112.307
39.9826
37.8616
123.362
73.2013
83.6982
79.1203
75.1893
91.3899
48.7939
81.81
33.6578
73.8341
17.9541
58.5779
64.62
60.2362
69.858
76.7518
21.4805
84.3965
68.2672
76.9321
59.4588
51.9655
58.5572
56.8309
35.6023
140.585
3.09535
69.7131
52.0128
59.6065
10.0177
89.1044
75.288
88.033
85.8899
55.342
87.5405
42.815
98.6854
22.8975
50.2412
6.96819
82.9305
72.6111
90.6519
86.9011
51.8996
0.016812
45.3562
59.0167
46.7292
89.1155
90.6024
103.355
83.6624
81.8014
70.3332
112.674
99.4599
54.9859
100.25
107.127
43.6606
90.8049
51.5885
16.8226
86.0914
50.0618
69.7353
60.557
31.9101
26.4765
79.319
33.8264
84.6018
80.4181
86.1584
68.886
59.1301
89.9414
47.1717
38.1473
54.4637
49.574
68.0732
84.4923
59.9053
14.6681
53.3239
92.416
68.497
73.2042
81.2418
18.5063
64.923
95.8623
83.3439
62.399
69.9042
80.8597
11.2828
18.0245
10.0863
57.3359
74.0673
110.969
81.8448
0.82197
62.6921
54.7579
56.7893
55.0222
74.1835
172.39
MET does not have solution even after MET smearing.
The solution is returned as if Delta was zero ...
74.2297
61.071
27.2739
77.8371
70.8669
64.9726
95.9564
50.1277
95.824
88.1137
71.2899
92.6239
96.2544
53.1315
99.426
62.3656
65.5031
73.1589
86.6333
16.0379
107.389
76.6888
39.0917
9.71914
29.9091
80.6944
77.8953
25.3761
34.1386
32.4797
57.7894
50.8621
11.8084
95.8849
50.3183
10.4423
46.8492
87.3091
34.9197
42.4284
67.5569
57.8284
72.4622
13.6809
83.8463
93.7787
61.356
35.312
86.5711
43.7797
63.9684
55.4344
56.0225
64.4786
68.0937
25.2927
92.7754
83.1482
16.9914
48.0122
62.7875
57.2599
55.3368
45.5272
98.9179
39.5595
25.7687
7.05228
49.8519
17.1561
118.891
39.5406
51.7358
36.4419
66.5018
33.0625
57.4592
94.1818
78.1085
96.8608
104.507
95.739
50.5418
71.6686
31.5652
37.1908
78.5933
14.554
59.4727
62.0772
86.3555
64.7322
63.8877
63.1244
50.6178
89.7245
87.3751
46.9204
105.111
99.7609
77.5603
86.0474
7.07718
80.4357
69.6756
104.919
90.3302
66.6843
61.5386
62.897
102.068
110.028
50.1626
260.96
MET does not have solution even after MET smearing.
The solution is returned as if Delta was zero ...
88.9064
16.9212
82.9046
62.9265
133.791
MET does not have solution even after MET smearing.
The solution is returned as if Delta was zero ...
27.9352
115.008
75.0675
106.792
53.4438
48.1592
90.4364
101.984
63.9683
44.1882
11.6343
18.0207
24.5433
66.5505
93.8483
83.9164
71.444
87.2761
79.8535
90.1422
77.0305
82.6314
43.9164
109.015
53.415
116.001
55.5241
111.708
8.20891
126.695
102.288
81.8272
65.1516
91.579
7.71544
53.9347
69.7151
78.8252
28.5709
27.3938
102.014
95.8713
90.6689
22.1787
92.4436
73.1522
69.4457
89.1154
81.4718
79.2793
60.3049
32.2833
65.5647
85.6713
54.4906
31.4189
53.5098
16.5521
19.5537
2.99261
7.32816
56.6642
58.844
63.5669
85.83
21.603
5.70583
82.3473
22.2635
86.329
70.2619
48.6243
5.91006
84.1549
91.8821
63.8232
102.157
74.2091
40.1976
54.9828
60.0201
13.1407
77.4602
102.655
66.7271
83.8402
65.7314
87.7947
32.7654
3.75614
26.4693
22.0378
31.109
21.8102
52.2238
39.2137
24.4056
81.0345
121.705
143.646
MET does not have solution even after MET smearing.
The solution is returned as if Delta was zero ...
32.3597
97.2075
86.6292
0.639437
62.9275
74.5442
70.2927
24.0052
67.4762
14.3676
2.41336
73.7109
78.741
21.9433
78.3003
53.4242
45.0777
26.804
44.6101
67.4672
57.1559
64.8433
65.6459
73.4418
101.222
20.4797
75.5983
90.9046
99.5686
33.6653
76.9113
83.9811
43.2065
77.7534
69.803
126.994
111.273
85.2492
63.2886
69.9689
77.2097
28.8915
82.676
85.4682
74.7963
20.5247
77.0465
52.3081
57.7859
54.784
61.7802
69.0073
91.9864
83.2042
84.009
98.3616
38.145
69.1149
68.6518
25.8481
51.8261
28.6908
37.9473
74.4276
80.1158
16.9745
89.002
150.071
118.77
74.9402
91.5154
57.8765
34.3523
76.8636
66.4364
3.56049
6.96497
73.2593
100.092
20.0536
56.0894
83.417
12.321
15.7121
120.372
12.0276
41.0274
65.2942
77.4075
72.1012
37.5957
70.1081
31.2378
14.8042
55.3744
80.4148
95.143
8.27058
69.2183
60.0861
65.0291
126.234
MET does not have solution even after MET smearing.
The solution is returned as if Delta was zero ...
96.8614
0.0135209
14.5953
73.891
52.4362
70.2229
72.7595
10.5446
0.72657
94.3691
71.3626
66.996
39.7651
77.3775
43.3494
53.176
53.2708
6.08853
68.4318
50.3337
109.84
64.2827
72.6564
87.2648
62.075
92.1485
83.2557
84.8125
124.934
49.9509
28.8765
65.7394
87.7675
58.6296
126.1
83.1813
52.2127
63.2165
27.6727
64.3319
44.9591
50.4926
89.2374
101.594
77.0013
62.4321
61.9525
55.3845
16.1392
94.3723
110.403
52.1212
111.583
66.1062
103.139
13.8332
93.3832
84.3438
13.119
70.6741
50.5898
11.6668
109.137
49.2576
121.362
22.7689
90.651
93.008
61.1258
47.121
74.073
72.2776
29.7115
18.0102
60.0633
73.7331
102.482
29.7511
7.77927
71.5585
71.9161
82.5605
82.61
70.9502
85.3656
46.1167
81.3803
71.044
79.5683
78.3961
6.87155
76.4942
60.6701
29.2458
44.9043
52.5608
83.5099
67.8195
77.8643
50.1625
87.6207
60.6278
78.3125
58.5645
97.9697
107.855
49.8426
35.1708
25.341
93.4239
31.5805
86.2318
87.9753
37.7698
161.322
MET does not have solution even after MET smearing.
The solution is returned as if Delta was zero ...
47.5967
72.9208
125.975
121.303
98.245
33.4496
44.2983
62.0873
12.4325
67.0178
25.3216
28.6858
30.1374
101.513
26.5061
13.4496
58.6373
55.5937
82.2262
7.08597
49.8037
84.1329
22.9964
130.554
78.7239
32.7247
46.8099
64.0018
74.7072
53.4348
70.0032
52.5102
78.2066
65.3212
81.4145
30.8738
58.2167
49.1322
66.8007
104.118
71.5574
26.6327
84.6783
81.2326
74.893
87.7133
17.4803
30.7175
40.7409
34.4216
58.8528
55.5366
18.3738
29.0791
77.6854
116.275
86.1553
88.4385
67.7828
79.1257
116.551
50.7575
34.9074
62.9253
23.1434
27.2331
102.423
42.3015
15.5976
59.3002
47.2389
71.9311
95.8467
12.2127
90.0766
6.20585
33.0063
10.1611
45.3617
100.818
67.5817
58.2499
101.385
57.4705
62.1397
106.802
24.6019
60.8685
73.6152
75.6229
128.3
45.9373
91.2483
10.579
80.71
4.23543
22.3836
13.0845
68.8355
1.73861
106.612
93.199
75.7114
99.9243
65.19
53.8092
160.044
MET does not have solution even after MET smearing.
The solution is returned as if Delta was zero ...
86.9264
54.6361
64.4243
43.5356
45.2442
177.728
MET does not have solution even after mW smearing.
The solution is returned as if Delta was zero ...
MET does not have solution even after MET smearing.
The solution is returned as if Delta was zero ...
81.5297
87.9329
35.222
34.1671
20.5449
50.8645
74.6121
65.1084
3.34695
35.823
60.0832
57.1352
87.164
82.4405
79.89
83.2973
172.105
MET does not have solution even after MET smearing.
The solution is returned as if Delta was zero ...
75.9863
46.8093
55.9438
73.4596
46.5887
72.1781
67.1735
8.46445
80.3614
54.8085
81.0827
172.774
51.9739
64.3516
76.2841
86.0596
59.5359
147.859
MET does not have solution even after MET smearing.
The solution is returned as if Delta was zero ...
209.108
MET does not have solution even after MET smearing.
The solution is returned as if Delta was zero ...
88.2011
84.379
3.83965
72.3545
72.5916
79.7299
81.607
80.6359
88.6481
10.0952
63.1624
87.0906
32.7226
45.9169
41.3647
53.3482
46.5534
11.9362
49.3406
40.8354
40.4533
55.3916
32.7739
35.7226
59.8361
5.77233
132.258
77.8465
107.649
60.2324
12.5634
115.389
93.5891
18.8654
36.2387
52.7698
72.9885
60.8925
28.9403
57.4906
80.419
54.3158
83.6558
85.6675
63.6223
111.725
24.0998
209.834
MET does not have solution even after MET smearing.
The solution is returned as if Delta was zero ...
75.7788
69.914
50.3161
70.2737
93.7194
84.3782
50.6114
41.5459
43.3715
107.087
26.9078
81.1358
13.561
78.2455
74.7154
86.5583
64.3087
67.5696
61.8768
25.9087
73.8531
66.0078
81.0587
70.1673
38.9812
73.6913
7.88289
42.1725
72.9191
114.085
11.3625
87.8124
49.9125
58.0502
126.721
29.1123
86.7666
22.2115
58.8162
69.6934
31.0216
26.2362
56.8777
76.797
71.0859
41.38
73.6249
99.3932
99.762
115.969
MET does not have solution even after MET smearing.
The solution is returned as if Delta was zero ...
12.0454
31.5326
109.848
63.6784
77.3139
41.0841
46.1229
74.3189
48.0668
101.931
38.1697
76.2058
0.681541
89.2183
42.5648
100.983
31.2792
79.7093
8.53767
75.8264
75.3418
44.9054
55.4272
70.4525
77.9254
81.6962
25.8921
57.0259
92.3695
61.7394
56.3205
0.684565
83.5927
96.2596
49.0069
51.2561
34.9167
77.0401
72.927
54.8096
136.696
11.9317
11.2762
1.73078
62.8664
34.7737
28.4013
83.1701
23.9571
19.6096
133.796
36.1416
107.521
23.8156
84.7848
63.0478
67.3012
163.028
129.779
69.1203
46.6678
1.10439
42.6649
74.5422
92.2648
62.4033
52.2003
59.1416
56.5513
22.1754
55.5108
54.933
49.1218
10.4191
9.10894
51.6666
43.6339
62.7934
85.9606
109.559
32.7665
95.0949
42.577
75.0559
57.94
58.3383
68.6093
71.5083
83.0815
47.1785
124.024
74.5276
68.287
39.2512
72.4707
55.6009
91.4515
2.21156
110.606
47.9011
31.0671
30.2586
42.9557
80.9402
12.2941
31.8275
41.2248
78.2774
68.5121
24.9616
68.2914
70.7802
79.9968
19.9896
75.4804
22.8244
52.6313
69.748
72.8608
60.1293
95.2332
51.5204
72.3037
84.8189
101.212
25.7299
92.181
90.6502
33.4335
139.687
74.538
75.2481
62.6674
75.9217
45.113
66.937
85.4431
25.622
28.9835
78.3021
49.5734
82.2765
58.2758
93.524
55.7507
48.7599
3.45392
99.376
41.0357
84.9183
84.0445
39.7955
71.4173
81.5365
96.9752
75.9906
50.1923
76.5689
78.0428
46.7729
80.4053
91.9806
54.8126
79.5788
83.8961
5.91626
33.2693
56.7129
22.7915
68.458
69.8805
81.6314
56.2877
34.4469
98.8322
78.3318
102.454
82.52
2.54416
12.817
71.3699
27.1228
82.0233
58.7186
75.903
104.582
68.5378
3.50395
43.7418
33.4541
111.486
29.1884
92.9171
92.7123
23.5211
83.3797
47.0759
44.0841
90.6487
26.6444
76.1171
80.6172
47.8477
24.1911
81.0929
35.2789
61.8175
64.4377
80.3751
13.7461
13.5223
63.5886
75.7668
14.9517
11.6124
86.9555
26.0471
88.3981
2.58199
5.30991
58.7576
2.34874
66.3732
59.9714
78.5577
15.2147
101.879
90.7866
109.88
7.45621
15.5758
82.5787
42.6395
83.1098
19.3947
92.9748
48.1877
87.8911
80.0684
119.766
71.7764
101.903
84.4445
5.75231
88.0547
77.9115
79.3715
11.109
47.2334
59.6394
29.0072
25.0752
92.564
61.4985
18.1982
2.7766
168.636
MET does not have solution even after MET smearing.
The solution is returned as if Delta was zero ...
30.7159
95.3884
21.2498
64.5236
49.5605
47.853
71.2228
6.7282
96.3552
61.4022
49.7847
103.63
12.7534
80.4249
70.2482
26.8473
93.1487
49.8113
112.012
86.262
77.9892
80.5643
55.1908
77.5586
71.5554
6.76625
72.8589
32.4899
31.648
62.3471
50.422
76.6227
35.3136
64.1981
88.0972
47.1322
81.8017
73.9217
14.7072
7.48923
76.2534
74.2816
6.27706
67.6378
57.1784
61.1082
82.7026
89.4522
101.443
84.4345
2.49401
79.2453
98.1486
7.47449
45.4592
13.1115
59.4346
114.98
10.8916
80.9238
60.7854
53.7194
43.9964
98.0193
48.0336
5.82509
16.1345
49.0939
84.5812
99.5963
0.712273
58.9456
47.327
112.174
93.4758
55.735
62.6451
68.1028
42.6124
104.367
48.9879
23.4831
60.5472
27.8376
75.9774
105.919
67.7341
20.5217
75.7448
73.1858
32.454
35.3453
62.9135
71.6742
87.1437
64.6031
51.7737
36.5021
75.501
76.4797
10.6534
74.6987
24.4461
7.17569
54.3534
77.7077
51.208
23.2081
50.2523
5.15806
122.554
49.8464
51.3772
30.9702
64.7629
113.093
61.0263
54.6703
82.6123
31.7043
70.4807
85.2832
88.7698
74.4352
54.1964
87.4301
80.7003
73.338
81.4318
37.8216
18.2168
44.99
39.5538
68.1433
26.0594
108.679
79.4506
78.5595
102.076
71.6339
46.1919
94.4291
48.1648
12.3367
56.5789
62.5472
57.8973
59.0698
102.549
2.70131
98.1625
10.9725
69.0994
87.6696
27.6994
60.5613
16.9522
94.7629
103.605
35.0004
41.6022
69.494
84.9016
31.4884
64.4204
41.6188
67.6474
80.1995
56.8602
65.849
68.3252
43.0831
27.3155
58.7288
13.4742
74.7048
8.77818
80.9332
107.679
73.1957
52.2359
105.521
39.4086
95.0047
69.7701
51.2005
82.6066
39.8269
64.6192
50.9062
80.1235
112.763
91.5951
86.2523
73.2274
82.6872
54.2604
2.00382
84.2112
0.71511
24.3737
28.7766
117.372
43.7239
47.8543
60.9676
66.4572
33.8502
82.5636
100.679
71.6475
86.7143
38.0842
72.3489
115.824
91.6297
98.6375
67.0242
77.1088
24.2682
35.5187
91.7231
81.0234
18.1795
69.0558
57.4436
4.28936
51.9713
100.587
43.9272
43.3493
49.7985
54.9394
27.9541
96.0032
79.3541
35.5761
68.9692
117.15
24.2244
48.1836
119.729
6.38914
83.1941
62.0688
37.2391
96.6138
93.5877
34.3722
91.8533
48.7044
2.42309
56.0339
94.7402
86.0967
76.5363
33.5391
57.3691
46.3262
147.851
55.7181
46.5873
73.6966
12.605
14.2586
82.844
77.6679
66.7931
100.96
76.5021
81.5238
53.0061
67.2932
71.7543
63.3669
47.5036
76.7185
17.5634
81.1382
58.0817
38.8733
60.8192
92.2216
30.6926
110.322
24.3679
74.0747
7.49208
64.4997
82.8964
39.4141
12.6463
70.203
70.3016
92.3937
79.0615
71.4344
87.7612
69.3976
27.0483
41.3628
81.888
74.4172
50.1666
33.5339
84.5155
68.704
89.3202
82.1869
70.8781
82.5601
83.6867
73.4105
2.15606
37.5965
2.6613
42.2216
64.6734
88.6254
16.1695
59.8952
59.1718
60.0048
15.8362
94.5988
2.6922
28.0736
64.6037
56.6561
46.1466
10.7186
89.8957
38.4023
76.0214
85.7591
58.7201
25.759
6.85136
90.4248
74.2552
32.1454
53.962
144.011
101.588
13.4079
36.5164
63.1043
65.1638
57.3063
80.4152
34.1296
57.8256
75.1987
65.2351
37.5541
46.5899
44.3321
92.0528
66.3587
88.4694
11.9622
115.432
68.2606
51.0148
106.618
79.9496
73.3695
23.8991
1.48859
83.8334
110.453
67.4709
57.955
54.4614
19.893
72.3374
40.9902
0.109585
3.62446
39.5848
71.3718
52.3013
36.2585
47.394
22.0883
15.7264
104.405
98.1044
116.568
83.2835
13.7894
54.2965
70.2883
41.7048
7.46797
76.4266
38.7327
57.7998
9.77019
41.7398
0.727276
79.7941
47.4061
139.235
90.2952
56.993
107.215
54.7863
12.9446
0.395755
109.252
68.4322
5.25771
67.2918
52.7641
108.008
49.2276
70.2414
98.1944
96.9241
107.961
47.5527
51.3761
46.4376
109.812
35.1926
7.37502
78.7505
78.5782
102.472
74.3337
105.321
51.3671
120.214
57.7043
96.8911
65.7002
86.7162
76.7712
18.7215
6.48169
73.9595
51.6384
63.7185
89.3658
14.9835
46.7707
24.4288
96.7155
81.8664
84.891
0.188483
79.1856
48.8317
11.0372
89.1959
35.699
51.6509
59.716
106.43
76.8189
61.995
59.6021
60.6143
86.7938
16.7181
42.997
62.8059
81.4042
62.3756
88.3901
70.6598
57.3895
82.9855
19.3367
80.3313
111.373
14.5263
103.281
53.0361
16.4013
86.3247
84.2397
106.35
102.376
22.5355
5.04128
93.514
13.3673
11.9944
58.8718
15.174
71.1503
131.093
68.0337
68.1819
86.8646
19.5569
53.6087
65.8766
12.839
70.8043
125.947
77.1878
48.1755
66.9701
63.6583
85.0415
48.7588
38.5497
56.2323
2.16918
103.648
84.8279
80.2634
55.1788
74.984
52.2413
56.7531
79.1888
58.8314
46.7712
87.0005
0.214023
11.8268
42.9181
101.643
5.72556
73.9175
5.38384
52.3288
89.6519
88.3345
61.9218
26.9497
58.4097
85.3773
81.7134
75.0129
62.9589
96.0445
62.9143
42.5056
81.7042
77.5735
67.596
5.08233
47.2909
38.6066
114.668
77.4677
4.96145
72.7683
54.0535
48.1064
47.3088
62.5644
84.4563
9.75732
89.4243
75.2267
65.3937
69.3025
107.795
80.2278
38.4755
41.7962
74.8364
61.5156
33.3137
66.3044
99.1677
24.1971
75.4626
44.5244
81.2653
70.3701
25.4638
23.1377
77.0995
69.4257
84.7795
27.6093
21.9811
43.8406
13.6437
73.3696
12.2242
26.3342
79.4617
70.0207
77.3264
85.2889
30.4424
132.957
46.3196
3.97612
60.9302
115.828
71.0173
62.0672
27.6523
37.9333
60.8702
54.6265
83.7191
42.0204
69.2844
60.5828
66.6891
77.735
51.6825
56.8718
107.441
37.9537
103.432
81.9829
8.20764
12.5499
81.195
112.649
93.6342
97.6594
31.9568
44.6677
82.9763
57.5126
74.373
85.3235
19.7744
21.9563
93.1261
55.7392
23.63
98.2018
18.0144
72.2912
48.9025
37.6743
41.3724
73.7519
1.04152
49.0609
82.96
54.2836
120.419
7.85459
62.2986
20.1835
53.4368
41.1471
73.8464
62.1418
81.8505
68.189
29.0312
81.9456
76.3023
64.4267
82.8849
89.8504
63.5232
47.3661
51.7738
64.9648
69.7215
48.9121
78.1138
38.004
79.35
83.5475
80.7652
81.9903
4.31997
74.1283
31.7871
79.276
122.319
75.8184
66.0732
59.9503
60.487
90.3585
90.5589
72.4132
37.0054
26.7232
2.45883
3.7814
107.345
81.975
43.404
55.7567
65.7537
32.3015
83.1866
64.1571
21.3209
79.6389
27.438
47.7406
14.9047
13.4685
42.5792
75.6483
71.6235
35.6637
47.514
89.4859
88.9304
37.8244
74.0834
12.7576
60.5394
106.814
49.9587
35.1483
101.421
43.4543
101.401
118.791
88.6025
85.3723
75.8595
40.5905
78.949
76.3085
67.893
40.6956
106.953
22.5477
20.4179
69.1346
16.1771
70.4375
99.3323
104.764
69.9379
35.2651
60.274
21.4764
84.3764
62.9922
41.5857
65.3639
82.1413
79.9466
40.1351
78.8505
60.3959
46.5962
50.6359
54.5662
46.3026
118.473
71.5592
57.1311
37.0916
65.2242
87.0223
49.335
58.711
71.9571
58.2645
56.0877
20.0756
100.126
32.0281
97.7499
83.8474
79.0857
49.8507
32.7831
39.5035
105.25
47.9195
81.6241
48.0658
86.8847
35.1288
81.1961
72.2209
71.3439
26.5303
86.5638
7.93761
73.2664
82.8043
54.5439
4.95956
87.0488
85.4707
97.5511
17.4798
65.4118
77.4234
77.6612
85.2578
61.0477
94.1451
53.5649
41.7044
39.2816
102.953
62.4517
52.447
87.1711
57.0909
84.8979
94.3433
74.1388
84.2494
75.1329
30.7849
62.5872
80.5102
26.6969
74.7336
72.1486
103.658
26.9548
5.08867
70.9813
69.76
97.3781
60.4408
61.3142
10.9455
32.6395
57.4006
79.1572
31.56
52.6253
61.7123
11.1256
44.323
33.6821
84.8754
121.117
98.7571
3.90238
41.7498
7.86876
58.5613
30.9733
38.4332
84.8756
91.4616
52.1599
23.3575
43.6744
76.622
39.3219
83.1171
73.245
82.2333
119.61
74.4565
6.31654
80.4391
89.306
74.5343
46.3546
62.0826
56.8612
46.374
84.3728
39.8771
43.7874
76.7693
56.5833
74.5951
44.6302
65.7595
68.6161
86.3945
33.3758
74.7579
36.5838
144.427
194.771
MET does not have solution even after MET smearing.
The solution is returned as if Delta was zero ...
83.7669
56.3121
84.8288
55.6112
88.5872
73.106
43.5165
55.8957
48.1459
27.5064
82.6835
103.437
459.274
MET does not have solution even after MET smearing.
The solution is returned as if Delta was zero ...
33.8119
87.9244
102.55
60.265
76.2535
77.153
18.3336
69.026
70.0358
41.6813
76.4819
68.8815
70.9834
28.7502
82.8776
27.8262
118.268
66.2396
10.645
74.0256
52.6864
85.4349
20.1253
59.7742
59.086
68.23
30.6888
77.3772
99.7138
77.1086
80.0953
28.7588
56.9791
8.92986
34.6248
64.1408
48.1158
67.8191
15.0936
50.3235
15.1985
86.9405
52.4445
75.0557
86.8494
1.92208
96.0999
59.275
44.5578
80.2939
72.6734
9.74637
93.6311
80.6034
35.9682
2.20858
59.6006
14.0115
99.5007
6.58458
69.4998
23.2697
65.6198
65.78
89.7215
72.7634
95.9714
45.4205
61.1654
84.6703
13.9043
74.1349
83.9361
83.9307
70.9575
58.7088
70.7169
96.1489
56.8312
61.4842
8.45615
29.6001
39.2043
77.2388
48.2459
24.5843
83.3421
27.2743
50.136
65.1477
27.904
86.3543
49.6566
22.6024
66.1021
62.6195
47.6908
51.3733
67.1555
32.2077
56.8332
40.9214
46.6121
94.5828
69.8806
95.3137
73.7121
86.4284
110.828
70.1413
178.932
MET does not have solution even after MET smearing.
The solution is returned as if Delta was zero ...
30.1348
62.9321
11.1731
68.1526
20.5496
75.8739
24.3373
42.5691
77.0166
116.101
81.7075
25.2591
97.3803
13.2634
54.0868
61.4348
59.6363
97.7034
78.0609
61.1011
39.9554
23.3194
100.032
73.8228
84.0322
83.2109
117.939
10.8545
89.2823
64.9645
60.3717
91.3189
2.70624
142.624
59.648
61.6436
86.9512
72.19
91.2754
66.9635
56.0561
1.87415
60.256
99.7212
83.2376
66.3221
22.1393
51.8516
89.5473
60.4683
6.43076
30.9856
30.2334
64.9365
8.0487
78.81
78.1963
80.9087
23.7186
4.72625
42.698
85.7058
85.9697
86.7353
60.639
58.1102
130.567
81.8206
4.77601
17.9251
107.444
51.9623
60.5784
6.22103
71.1118
0.0526759
100.747
90.2917
79.5803
93.3315
129.536
80.56
67.355
89.6475
96.3436
10.5991
91.4911
47.6483
55.6805
73.064
38.9847
78.6019
58.0279
46.9056
57.3819
90.4044
73.2877
55.3112
85.3666
34.2238
45.0178
68.9727
54.1235
2.66528
83.9931
67.4238
41.2615
28.8831
1.58846
62.5535
60.6295
31.0018
138.038
MET does not have solution even after MET smearing.
The solution is returned as if Delta was zero ...
26.3024
85.1544
8.58127
37.5384
64.7616
73.1668
25.5215
91.1224
92.5973
74.1817
86.142
18.7104
7.86364
63.0966
75.7074
57.7687
52.8813
72.425
28.6494
1.07895
47.5447
33.2937
90.6998
76.9464
78.2309
64.0334
39.073
36.46
52.2027
14.2419
60.273
71.6513
88.8072
84.9997
31.2787
44.8549
107.695
95.0097
17.2642
15.8408
6.66344
55.3334
90.5095
84.3187
13.9199
121.421
66.903
45.5401
90.4501
38.1601
76.4785
134.519
74.2204
112.726
35.2739
93.1186
75.6249
21.2026
64.867
93.7165
68.7039
80.4686
31.0161
101.144
118.719
64.9818
26.7515
25.9952
40.8827
69.8132
82.9587
94.2099
43.9176
44.396
54.8051
31.2214
27.9092
4.30754
78.3854
76.4778
72.2297
41.7203
88.264
58.4613
45.5035
60.5235
36.0842
30.4904
11.9447
44.7138
51.8712
12.439
94.5266
52.4081
76.3086
29.1944
44.2884
102.627
56.5444
38.3775
37.2984
104.402
71.628
25.6919
10.202
57.2728
72.7155
117.532
84.7606
33.4661
83.8937
93.5454
58.6289
48.2854
58.2353
55.0632
83.5584
59.8104
21.7469
77.6592
46.7595
6.24992
86.8465
53.2392
114.275
86.6337
39.5494
80.6181
80.3918
76.9304
133.67
7.68119
79.6329
52.6942
45.7501
45.9279
58.2185
49.9753
78.1045
43.7322
40.7477
98.2073
87.5653
66.0908
18.1017
5.79184
56.3942
28.2798
30.6437
71.2648
100.021
45.8051
42.146
49.0802
47.3111
91.9514
6.07286
57.2005
79.8387
74.9868
78.9481
48.7162
69.0683
59.5508
11.4863
46.685
33.271
98.7037
68.1072
5.23403
36.3391
64.5517
55.4288
64.8635
88.5069
79.8613
34.4592
92.0369
57.9726
73.791
66.6988
53.6445
60.1661
71.1272
121.721
51.2851
61.8947
33.7856
41.8782
75.0747
63.5105
43.3047
98.6582
52.1822
52.534
93.5423
16.3238
30.2134
32.2271
65.5958
118.907
90.9499
118.671
68.566
48.2101
52.6412
19.8897
83.5595
75.4641
65.5744
31.6719
11.5234
101.742
22.454
30.4816
70.4159
76.7126
47.6898
34.8477
42.7111
32.6719
19.8611
91.7264
62.9694
105.419
40.3183
26.0077
36.4558
121.623
80.3118
45.1266
66.4333
88.896
8.13653
56.9294
122.383
24.822
18.6833
116.246
81.3474
25.2306
65.9691
55.4531
51.2306
97.7769
57.3779
73.7802
9.15122
58.0949
89.9498
8.45717
31.3389
34.603
15.2184
17.8896
72.5116
77.5404
46.9937
5.95701
54.6757
81.0966
64.8804
57.3
89.5805
111.039
85.7398
55.7093
3.35643
0.67479
39.9347
34.962
51.5758
74.4342
86.9372
130.733
128.731
50.9177
71.2339
72.0359
134.475
4.66438
130.423
2.2337
106.496
40.7951
45.6591
27.7789
69.6486
52.237
48.8814
8.73015
63.4112
63.15
2.61525
18.2257
22.2881
19.8867
93.8567
37.1585
9.03162
192.968
MET does not have solution even after MET smearing.
The solution is returned as if Delta was zero ...
35.6952
77.7944
44.6283
30.1506
65.7706
10.727
323.82
MET does not have solution even after MET smearing.
The solution is returned as if Delta was zero ...
39.7134
135.603
33.3488
52.2126
70.1947
48.6075
90.6967
78.1455
69.7021
115.193
24.2211
81.1178
74.3351
99.3332
70.1378
91.8303
50.8937
74.4586
71.6204
63.4876
117.582
51.335
50.1124
66.6689
67.0943
50.6528
64.133
82.2185
42.4993
53.3792
76.5072
58.1747
72.8601
67.648
15.2476
35.5965
58.7857
74.834
65.5091
74.6671
98.6305
9.45201
69.7584
125.351
16.2628
116.879
54.8148
15.1583
0.392964
28.864
27.4393
37.0888
63.3833
88.5681
39.9937
79.2827
94.8521
97.0424
47.4451
60.994
161.373
47.0635
162.576
MET does not have solution even after MET smearing.
The solution is returned as if Delta was zero ...
14.3897
30.1611
21.1225
37.1743
29.7829
6.68429
19.5742
52.1116
53.2736
58.6636
100.905
65.8299
88.5868
40.6249
74.9431
38.1161
102.467
45.3008
72.1939
77.5479
84.0643
187.856
MET does not have solution even after MET smearing.
The solution is returned as if Delta was zero ...
74.5363
42.4649
59.2466
38.5612
2.36926
55.7886
10.588
59.7096
133.302
78.0868
12.2745
43.6356
118.636
14.3769
85.1837
54.0183
14.1161
91.405
49.4954
52.2788
41.1573
80.4064
71.1692
101.175
57.7646
81.3813
82.8272
96.6022
55.0048
25.2424
14.6919
79.5603
68.8406
106.623
104.774
58.6589
2.43732
55.4739
44.9221
40.2893
52.1062
52.7907
12.6986
120.168
61.8519
44.2983
34.0221
60.1663
20.9272
5.14386
41.2095
71.157
before closing file input /home/nadjieh/work/samples/postMoriond/Aug2013/WZ.root
before endjob
