**************************
SYSTEMATIC SITUATION: 
**************************
METDOWN SYST
**************************
file number 1: ~/work/samples/postMoriond/Aug2013/ZJets.root
I am in tree = 0
inDirect
treeName: ZJets_2J_1T_UnclusteredMETDown
ZJets_2J_1T_UnclusteredMETDown	0x19194d0
0x19194d0 tree afterward
ZJets_2J_1T_UnclusteredMETDown
1234
20.2125
104.532
87.6866
19.6098
74.6659
75.1627
41.7308
109.155
51.8011
3.03127
67.7486
43.7893
24.3475
69.2955
71.8905
32.3764
39.4581
88.2162
19.6909
65.586
16.7248
47.3208
82.0615
52.7098
66.8028
61.0844
72.7465
16.1116
8.27166
61.5679
22.3428
60.771
20.7848
48.9477
63.3643
102.89
73.297
35.1149
68.3912
90.8007
10.1444
4.92539
6.72499
83.986
20.6001
123.557
38.6342
38.6191
74.3628
6.77195
14.3987
53.2904
14.3682
105.963
52.8807
158.029
MET does not have solution even after MET smearing.
The solution is returned as if Delta was zero ...
49.0173
36.8338
89.7436
4.12219
49.7174
26.9805
44.6655
3.52889
29.7888
43.8561
54.8365
66.5936
36.7415
28.2885
22.5204
17.9598
46.8951
30.2078
4.40266
11.4925
19.7665
65.1659
70.506
5.66095
39.4157
21.2523
54.9973
19.2321
73.9016
24.8301
22.9276
80.7995
37.3325
8.55001
19.8927
40.8798
100.523
9.10761
86.4163
49.9145
71.2993
15.182
43.7992
40.0506
84.5607
83.4001
23.8159
61.7497
18.7746
53.1599
56.4899
40.7201
49.9478
15.5743
72.5791
104.116
47.9184
6.44584
47.3648
36.3849
46.0147
7.46523
66.0325
122.897
53.6055
32.4086
72.544
61.5355
55.0203
21.7709
84.4147
62.2347
4.90674
87.5562
59.5739
31.0302
66.2482
18.9055
102.435
46.3771
45.0331
89.0039
2.20869
79.0016
14.9699
76.4678
25.7376
24.6657
13.4671
46.563
4.56428
60.2611
20.5009
8.37406
72.3478
1.68427
24.8253
22.0891
95.2953
5.33029
22.8297
15.8895
30.8759
12.1308
35.2365
59.5974
71.8726
75.3924
2.63843
68.5968
63.0968
44.6201
23.4673
6.90881
4.67297
51.4839
79.0145
62.7453
49.6281
34.0312
12.206
55.8741
35.9608
78.5312
54.1719
73.6086
20.5473
33.0491
69.5463
21.9954
16.8348
13.8323
14.6607
55.506
38.7527
11.6341
28.0448
12.0753
15.6669
96.5558
33.1518
65.5574
9.4773
41.3293
1.52727
83.103
30.661
6.32314
62.0318
119.259
39.0717
69.8596
14.025
13.3482
53.5363
26.591
31.6665
57.727
60.5108
77.008
156.86
5.68331
43.5554
12.9139
9.24359
58.8781
10.5247
20.2411
28.4931
6.20449
78.5721
35.4763
13.926
40.4203
73.6683
34.5664
52.2617
0.551588
25.6743
68.7624
4.95675
17.7583
25.5081
2.88915
28.3461
2.08291
51.2354
51.367
11.1737
73.9176
70.0057
18.9507
43.0996
79.6852
24.8244
12.0653
35.7573
29.8677
65.1402
54.6426
20.7195
12.1778
59.5175
66.5193
36.2705
22.6251
25.8732
62.0235
14.6412
53.2872
5.84763
24.2189
11.8097
8.26026
112.976
49.6567
38.6736
76.1073
82.8927
20.0505
40.6062
12.9203
7.9859
109.779
28.4545
85.4455
5.13308
25.1662
11.9458
115.852
101.416
30.3749
25.8776
0.329426
59.1233
2.42722
125.01
37.0227
70.0726
4.47778
36.5777
18.6295
11.5545
92.6651
5.81387
20.7075
37.9461
45.7904
114.782
17.2715
1.81891
96.7311
3.56896
26.2771
2.44409
68.5298
3.12086
94.5847
11.7668
26.2972
25.6711
22.0541
1.88234
12.9879
111.045
108.049
29.4548
54.3036
7.72466
18.5997
61.3354
62.2993
31.8323
37.3694
1.32508
19.0835
48.5807
3.14073
43.5796
6.88362
36.7062
55.0814
16.4428
5.60837
8.51221
66.9588
38.1451
48.4533
27.0947
84.2543
51.8512
29.6806
57.2972
15.8429
105.951
59.35
114.097
103.559
88.9045
9.15255
54.3964
44.0352
6.56157
54.6751
32.8569
24.908
27.2153
36.0672
112.58
95.5048
39.0107
69.7242
18.9209
0.256882
44.0017
44.5051
25.4986
87.6254
38.8289
10.3753
2.3585
17.7479
10.996
6.82897
285.33
88.496
46.0182
2.63898
14.8383
34.2332
57.1402
39.0264
17.4734
51.5319
138.652
71.0661
88.195
32.9255
40.7001
78.1554
24.5231
25.0435
21.5962
86.091
26.2132
104.215
11.0828
38.6338
0.319765
8.09474
48.5625
8.43047
147.097
MET does not have solution even after MET smearing.
The solution is returned as if Delta was zero ...
71.1644
47.4847
97.9842
31.4017
57.5278
6.27468
125.734
41.7291
3.83871
32.27
3.26323
33.9819
19.6045
42.1645
49.1339
13.272
14.1098
13.4904
8.5477
46.2978
14.6491
40.0816
81.8099
4.95345
13.2622
31.4347
83.3816
120.59
19.7893
33.5393
63.2866
57.6278
53.3467
17.9555
37.2339
55.6694
70.2233
48.5618
87.8764
23.4046
6.67072
25.3013
124.389
39.0178
68.7545
36.4381
56.3671
111.483
66.4998
7.62468
18.4516
69.2387
11.3279
42.5207
70.48
16.3681
16.1006
10.7858
65.8927
69.0638
16.0131
35.544
22.1565
35.7207
158.514
MET does not have solution even after MET smearing.
The solution is returned as if Delta was zero ...
49.1662
56.1206
72.3969
11.9603
25.5369
31.327
62.783
44.1162
32.1568
53.5456
39.4259
54.5317
49.2887
45.1831
22.232
93.5495
59.5213
39.1823
45.4148
184.07
55.9048
0.0884704
23.9574
45.3863
53.5036
31.2485
58.4653
66.918
29.1441
154.821
99.1343
41.2007
95.3638
55.9447
3.05002
37.9894
7.22086
2.005
28.9422
40.5387
21.1135
56.214
101.87
26.9236
6.55264
28.0133
8.14717
16.6553
69.533
47.6936
105.013
17.3288
74.1897
31.6193
66.5506
30.2642
28.1841
53.907
43.0234
63.6914
0.174698
75.613
12.4704
87.0423
69.5321
73.3914
18.7908
34.5248
7.6608
5.29091
75.4543
110.397
45.6287
33.8473
71.743
40.5236
47.4249
6.42227
91.7939
99.8925
62.3582
109.43
8.19504
93.2964
88.2435
89.5506
6.95511
39.1488
72.6462
35.7299
47.5017
75.7094
48.6576
60.0667
46.906
91.0805
41.5861
44.9151
38.5125
44.9199
2.39159
45.7112
10.535
49.6628
19.6011
3.36475
58.3292
63.0883
89.6633
85.783
24.6919
42.0295
20.0532
68.9692
25.3242
44.2851
19.1792
55.0908
18.0887
120.783
17.0728
20.4059
7.84618
48.4346
140.783
10.16
60.3611
64.0844
47.5485
7.03037
19.3275
9.71897
78.431
38.7555
30.2975
49.8051
48.2661
53.46
57.7389
65.8385
15.0022
28.8526
7.11221
37.0875
36.2284
39.9723
37.3587
50.3309
1.28493
14.5242
30.1237
30.6057
45.0921
80.8768
0.922973
66.5152
40.4409
8.08449
48.3883
164.904
MET does not have solution even after MET smearing.
The solution is returned as if Delta was zero ...
15.6952
77.5408
109.144
52.1543
35.0027
24.2224
15.5747
35.0207
87.3912
9.90604
94.7139
54.0855
59.3806
49.8215
12.8079
8.92049
84.4284
66.4435
96.1959
32.1901
122.611
35.9719
58.7191
23.2216
47.5749
6.13714
47.2005
57.5129
100.589
12.0164
12.599
22.6384
131.63
MET does not have solution even after MET smearing.
The solution is returned as if Delta was zero ...
25.0581
3.4798
84.3823
68.0709
45.1324
28.7496
67.0182
81.356
17.5991
207.573
12.8641
56.5141
80.9716
29.9977
35.0839
64.0888
52.0304
26.6196
6.78264
150.143
103.201
55.8293
91.6828
104.42
21.8499
30.3546
11.5221
10.1946
44.5309
0.275425
103.858
47.4637
73.8571
26.9053
8.76702
84.7398
41.0928
18.9272
50.5771
27.2699
77.5044
87.9075
20.5683
13.0094
45.8893
62.1742
53.8546
25.1371
56.3599
130.156
37.8974
22.4859
99.2044
5.40165
77.9383
27.1247
47.2416
23.4474
104.727
94.8145
53.163
41.9573
91.3114
28.863
56.879
36.5261
75.2394
68.3897
48.2553
4.36809
29.2246
72.8107
63.2416
108.201
17.6508
43.6882
53.2893
48.9881
26.6555
112.263
77.8361
1.64987
81.1248
63.8748
33.6284
9.26114
50.9515
14.9354
21.2029
29.6874
24.0911
58.5079
49.4326
87.715
21.1413
9.92998
52.9007
29.9382
56.3644
38.4457
16.22
104.364
60.9528
88.8822
34.4846
13.0433
8.01466
39.4743
107.601
43.3716
67.9967
72.1726
129.983
14.3015
11.4331
22.7429
72.3551
98.7785
2.81691
114.431
10.63
67.8618
0.915781
55.2739
10.4147
31.456
9.81805
50.5871
32.9553
10.2482
17.3309
23.3628
52.5565
33.1751
64.616
100.309
13.5634
63.9648
53.1375
21.2736
53.3474
12.4608
59.6879
50.6352
49.6515
21.821
36.0649
44.8627
4.86105
0.0628933
11.3712
47.3111
17.9973
127.985
33.1545
7.60695
56.6807
14.5803
40.4299
25.5415
29.6204
32.8885
88.4398
6.13131
69.8871
7.72256
77.4909
35.1226
90.1538
69.0035
6.40006
42.8965
27.1723
5.47426
25.6661
14.4744
101.297
9.94682
13.8858
28.9968
34.5503
81.6488
40.8109
17.7317
41.519
79.9721
93.2916
21.0601
26.0557
47.0776
57.5061
86.216
28.7262
24.1914
57.9443
96.9168
81.5475
13.9199
26.6896
6.50766
99.628
52.6935
46.6722
90.7712
76.4299
35.5476
87.0259
18.4176
91.8993
22.3211
83.4753
48.7669
29.9981
6.72911
22.7255
63.1683
15.0248
29.2287
25.8134
242.315
MET does not have solution even after MET smearing.
The solution is returned as if Delta was zero ...
22.7252
75.5301
77.3393
79.2116
73.452
43.0144
2.5925
42.952
72.2282
73.6144
73.3062
0.130859
12.6837
63.1263
16.7285
33.8687
69.006
52.4544
41.3501
11.8219
40.5874
24.4311
32.9379
27.2413
41.7664
41.6718
7.80122
54.1187
109.143
45.2437
79.5959
108.36
119.419
41.0805
89.6588
45.7029
36.3516
86.3672
5.51946
92.7134
47.6538
68.0106
12.0851
44.1265
14.9877
74.8443
64.712
17.4773
12.7069
15.4823
49.2264
43.7644
95.1743
41.5335
101.794
44.1378
49.6049
83.6871
51.7194
48.2852
36.3269
46.8068
11.6304
107.96
2.89752
101.272
54.5371
45.7752
6.36754
44.843
15.6015
15.3728
61.4083
42.1805
100.515
61.4515
0.429716
37.6134
66.9259
63.6043
81.2378
7.16835
10.7971
60.663
25.7073
19.5451
55.6984
36.3714
11.1249
77.1624
72.4443
22.1355
51.11
32.4218
1.0765
7.80993
89.7444
62.9491
5.1817
9.63499
11.8701
13.7161
74.0761
114.488
14.0911
6.49333
85.1664
24.5288
119.981
103.171
32.1198
58.9538
30.3861
25.864
24.6167
59.1709
18.4615
37.8009
62.144
30.0361
11.7415
2.70659
75.5328
15.9995
22.056
64.6962
80.771
80.0892
107.134
71.3401
67.0859
129.046
84.2059
12.4085
47.9109
73.0761
6.96223
36.9359
71.7618
47.7977
13.0001
89.3786
45.6947
10.0873
35.7199
66.1943
38.5103
82.998
65.8485
26.8818
49.5162
10.673
68.3631
36.5723
19.6191
2.35188
53.8096
35.8424
41.7935
62.6952
7.76845
52.6108
28.5047
56.1378
39.1174
18.15
46.5839
70.4651
20.7803
28.9124
9.00572
52.6356
18.9918
11.6077
53.7597
2.02627
40.6013
34.1751
0.866308
67.7947
34.5767
81.2579
36.1476
20.0839
27.9919
25.4818
78.9069
62.3423
51.6821
29.6723
50.888
120.762
29.0759
6.45204
1.19781
37.0594
25.2463
31.4489
43.918
71.3537
52.0657
16.338
66.3742
12.3345
113.989
46.9531
83.3313
7.35653
93.8974
43.7732
63.2597
43.7084
105.974
35.4398
83.8088
13.769
88.7566
35.247
34.0237
67.4392
78.0535
47.6269
22.8899
22.4224
65.2185
77.7689
99.5272
56.7756
6.18678
49.1323
52.0316
82.9709
48.279
24.3766
37.0924
98.0869
18.7015
19.7343
6.10095
119.737
0.351778
99.7928
86.1373
17.1078
54.4329
60.7588
62.8224
17.4333
22.0123
30.3888
5.78475
7.90445
35.1775
50.8549
65.1768
47.428
83.265
33.6025
17.1471
59.3614
93.5082
13.7937
49.9991
31.0308
35.3106
8.12725
5.96189
63.0912
58.1211
11.5592
76.8129
17.0814
4.27218
38.1965
23.2337
39.5053
5.06416
19.2222
73.1737
49.1118
36.4678
84.2031
54.4626
90.4172
55.8007
39.0337
1.33103
46.9943
39.9983
69.6072
63.2302
77.5349
37.707
19.7781
12.4978
36.3591
73.6654
68.2764
30.5502
24.4813
13.9542
45.9489
75.1222
107.812
36.2111
85.1006
6.76284
51.2806
54.0106
57.3129
85.1816
28.8372
23.1743
21.3794
46.8121
24.7747
6.06549
9.23961
34.6731
75.9252
27.7388
35.487
55.8695
25.938
64.7444
34.8317
42.0025
95.5429
37.3964
12.4794
48.4675
21.767
78.6678
34.8662
118.855
43.7177
21.05
4.41457
16.0088
45.7481
42.3173
35.7302
77.6372
60.9977
106.606
68.9727
118.968
before closing file input /home/nadjieh/work/samples/postMoriond/Aug2013/ZJets.root
before endjob
