**************************
SYSTEMATIC SITUATION: 
**************************
METDOWN SYST
**************************
file number 1: ~/work/samples/postMoriond/Aug2013/WZ.root
I am in tree = 0
inDirect
treeName: WZ_2J_1T_UnclusteredMETDown
WZ_2J_1T_UnclusteredMETDown	0x2efd0f0
0x2efd0f0 tree afterward
WZ_2J_1T_UnclusteredMETDown
6488
88.7316
64.8351
79.0254
18.8107
45.3901
71.505
104.65
80.1949
25.3247
77.3033
105.2
64.2179
51.6379
36.1821
69.1666
19.6418
68.8894
77.049
83.8461
31.673
75.0629
50.2302
124.998
83.6152
79.2021
32.8318
23.8471
57.0126
87.7177
96.4339
102.778
68.509
80.6315
52.1221
107.677
71.4687
13.3001
72.9961
75.4073
99.5733
103.436
33.2412
3.64088
18.2003
104.795
66.9621
24.1579
74.1021
76.4834
66.3814
46.8888
56.8951
45.244
97.0693
65.2406
37.659
72.0518
109.705
93.9581
114.899
41.3397
29.3724
66.5975
98.1896
47.1562
89.3033
64.1658
98.4392
144.886
MET does not have solution even after MET smearing.
The solution is returned as if Delta was zero ...
17.1524
146.756
43.5463
61.0737
51.8237
106.873
102.144
24.5939
9.68713
71.286
105.153
27.7162
15.9819
6.27652
71.1337
70.2376
97.2507
75.7159
81.7759
27.9303
60.6203
41.4333
97.2905
36.0599
93.1306
23.3475
79.4283
29.8076
31.1131
65.9355
10.2861
4.35477
94.3932
84.5968
53.3243
73.596
75.4685
101.045
44.4885
90.5225
22.1795
1.18774
89.2077
69.4126
113.236
68.1634
10.5737
116.54
57.9225
61.5779
68.0766
56.2818
71.8023
70.6311
66.5603
28.1924
48.2486
89.7175
45.9178
7.1542
30.2705
45.7836
83.0748
70.545
100.012
104.113
42.278
5.3311
84.2477
13.4235
58.3941
79.4196
16.0599
84.5295
77.976
18.3521
43.3437
29.0778
96.0061
11.6153
87.958
93.106
56.9009
98.9032
68.0611
51.411
85.5526
72.0797
90.1597
92.0583
50.0555
45.1111
55.2349
32.639
79.7653
84.4451
74.9478
77.7675
88.5752
59.6613
25.5932
82.4486
93.38
83.159
11.7493
82.6442
48.4002
67.5791
51.0351
50.6154
43.0495
4.6258
60.3095
22.732
96.5091
91.3773
8.10579
87.6401
73.4476
73.3261
86.8076
54.4897
6.40355
84.1765
104.373
121.464
52.2592
88.904
46.4247
87.7841
82.1776
22.3797
29.1491
53.3873
43.2499
46.9884
144.626
112.896
58.2968
75.726
51.5265
3.588
123.573
MET does not have solution even after MET smearing.
The solution is returned as if Delta was zero ...
65.3806
27.0691
199.535
MET does not have solution even after MET smearing.
The solution is returned as if Delta was zero ...
77.8545
93.1398
93.4888
16.9061
89.8432
60.7845
41.9823
82.1214
54.5391
68.255
69.174
103.853
36.9013
71.3036
86.974
41.6262
72.3446
58.3229
104.546
39.4067
65.8774
46.2229
68.5811
61.7589
54.9785
75.2203
31.4392
49.369
34.1586
48.1364
57.3375
40.066
105.381
97.1673
8.02376
68.8076
53.1803
75.9582
2.66575
70.7807
106.365
59.9606
29.781
92.8726
36.7258
58.221
28.5932
79.6015
15.4126
76.2164
36.1543
57.9596
77.8481
1.00245
63.8186
0.0118507
76.2024
105.52
19.3696
20.0572
82.2927
85.0671
67.6275
10.93
77.7915
75.1436
65.9236
9.65721
23.7036
78.4181
48.843
66.1457
52.7352
64.583
62.4415
13.8459
86.8931
50.5202
42.6839
105.874
103.264
23.3524
31.2305
60.0853
51.4223
71.489
55.0119
72.348
10.1546
72.4193
48.1475
14.0939
73.2141
64.8723
42.1593
85.1892
45.6048
62.6369
78.8963
47.0013
67.9501
44.0115
52.6001
61.1249
40.4412
125.984
2.85862
40.2304
29.4346
72.0053
34.6744
77.2481
19.5339
73.5151
6.74095
84.5403
64.3981
30.412
22.7573
21.4045
44.1367
87.9238
99.4282
98.4874
47.3513
111.889
92.4088
34.0296
92.4839
25.462
4.21127
82.3392
64.3949
71.8793
68.0446
39.4771
95.1174
64.3507
54.7806
86.7399
55.2113
93.8591
92.0464
86.5935
125.37
0.960738
35.4999
76.189
76.0012
17.6658
90.4985
44.9552
85.9826
2.96867
74.9394
76.2017
13.4219
92.7852
19.4395
23.2924
39.7044
65.6946
116.314
47.4725
42.57
72.6723
41.3976
58.2648
17.9673
14.5074
73.7057
82.7976
111.788
57.1623
64.5327
73.7381
2.38527
72.726
58.0744
133.135
59.4557
59.5724
84.4323
82.7297
48.9213
82.3135
2.99606
75.0084
19.2456
62.473
87.0877
44.6928
93.3123
76.0683
5.39612
54.7306
28.0323
119.65
98.3256
66.1642
69.2218
40.4373
82.0283
15.4199
33.5709
100.712
135.056
96.74
16.8926
60.4769
16.3949
52.2355
85.0954
67.0132
74.8894
80.138
65.5074
99.6298
43.3732
26.8026
73.1425
85.8421
65.1458
44.4432
107.315
76.8312
82.0517
61.3552
6.1043
75.1558
86.7222
73.7363
28.3835
107.111
62.9393
76.1696
71.6541
96.9361
24.2755
80.8649
22.5696
78.7641
35.8755
47.0379
16.2239
50.0423
48.9144
50.9078
65.4203
82.3383
85.4262
3.8267
69.4989
72.0737
75.677
48.1289
77.8631
113.189
53.6865
43.5706
67.1374
60.4966
83.554
68.5803
84.8522
59.5024
55.7428
14.2188
3.7379
183.009
MET does not have solution even after MET smearing.
The solution is returned as if Delta was zero ...
64.2449
48.7008
27.0183
88.6076
80.162
39.9067
87.8118
85.9141
94.7952
46.3237
73.5427
73.9545
23.3224
47.3753
50.956
33.0644
21.9277
45.8297
55.1238
83.5089
66.6066
76.0805
81.2133
66.503
66.2991
191.1
MET does not have solution even after MET smearing.
The solution is returned as if Delta was zero ...
1.92019
117.499
56.8203
62.8397
92.7295
71.0213
67.0531
44.0009
78.731
89.3788
27.6481
57.7355
58.2396
86.813
72.1881
29.3501
64.588
70.2328
12.8109
44.4359
79.4697
94.9825
81.8274
27.897
68.0497
93.4829
69.2275
30.7691
72.0591
1.14173
43.0379
71.942
73.935
195.714
MET does not have solution even after MET smearing.
The solution is returned as if Delta was zero ...
55.5192
81.8974
72.5742
108.76
76.6623
144.79
52.3483
157.899
MET does not have solution even after MET smearing.
The solution is returned as if Delta was zero ...
2.1423
88.4101
110.368
68.9137
72.2245
98.7309
28.4942
72.5591
113.675
87.8315
78.5916
46.3302
56.3305
71.621
74.9973
29.0086
49.7005
78.882
50.4663
66.7396
51.8294
60.9559
79.4946
110.94
122.635
38.6621
83.911
52.488
46.8601
94.6142
38.907
99.773
95.8403
52.1266
8.61059
83.5962
60.3092
72.3811
165.368
19.8845
8.23096
54.32
43.4357
68.3125
10.9515
42.9559
34.6013
34.2786
41.0563
87.5167
97.4646
31.4808
77.5238
23.6936
96.5724
8.81551
70.735
52.3524
20.0444
49.0945
77.8694
65.7993
18.0233
67.2442
38.713
81.8696
43.9756
39.4369
72.3553
127.601
MET does not have solution even after MET smearing.
The solution is returned as if Delta was zero ...
89.8918
37.6722
102.736
58.9883
0.207667
83.2044
49.7095
29.4989
81.9778
59.8506
90.5849
50.1534
74.6507
49.6207
73.8984
64.3373
12.3836
43.6666
69.4372
22.5975
65.7621
69.9647
81.1096
10.7871
76.0239
101.305
27.5093
66.018
58.7372
0.931499
5.21752
24.1957
48.1066
96.2481
17.5359
2.79398
113.789
190.467
MET does not have solution even after MET smearing.
The solution is returned as if Delta was zero ...
70.5118
54.0614
164.569
15.5536
88.9296
97.7358
9.38922
80.1605
64.4826
71.0414
142.314
MET does not have solution even after MET smearing.
The solution is returned as if Delta was zero ...
27.1546
37.7793
62.4946
76.9205
63.5569
6.30303
6.62185
78.4647
56.4383
56.674
41.6333
76.0598
89.0578
85.5172
80.9286
88.1967
102.127
4.13254
54.3439
33.0486
84.5609
63.935
69.7904
53.0245
45.2584
39.5471
62.8517
75.2262
26.5738
49.6039
6.77466
78.0366
54.3774
70.9065
63.5982
80.4762
81.0365
78.785
29.406
0.810385
79.2908
57.7697
61.0657
90.01
40.6841
50.3873
93.3074
31.8467
68.6059
105.186
78.8519
129.253
111.172
10.4873
26.0463
75.4752
32.1801
28.3628
32.9807
23.8736
75.9952
82.2714
11.4202
50.5326
81.652
51.578
62.1189
6.19955
111.537
48.7583
45.4788
35.0847
88.2134
93.8743
88.4927
48.8163
42.9064
98.5016
42.1393
43.2899
61.9445
84.0215
65.4442
55.7896
83.9138
74.9196
9.95896
25.9932
90.7302
95.0432
41.7636
45.6103
69.099
90.7091
26.1862
94.8449
90.5119
73.7828
15.5627
73.1019
83.3259
62.7698
88.617
87.2486
42.1631
76.5784
93.462
53.0015
50.2267
69.964
47.6948
78.2296
110.298
54.6154
24.4452
5.55977
139.25
23.0087
94.4718
17.2426
2.97519
53.4751
66.2962
64.4805
70.5928
78.6326
17.4423
77.3757
69.1744
92.8607
79.7251
143.954
129.272
48.3959
26.7435
47.2355
74.6701
73.5496
18.9302
60.4528
89.7029
37.2593
83.3871
75.9012
132.47
74.6593
29.3255
50.5224
101.202
39.9622
25.2414
40.4968
37.2726
30.1443
8.70727
82.6349
95.1169
54.2861
73.7172
35.4702
62.6059
70.115
35.3435
60.2514
73.1046
73.9165
66.4234
91.6979
72.0252
15.7961
114.642
84.8864
77.6323
86.701
47.7819
69.015
88.8352
7.15524
66.4526
65.4208
63.9306
126.39
25.2836
70.1589
80.9373
83.0259
71.6763
94.5354
66.0488
23.7777
88.9824
71.6509
37.473
66.6641
51.36
39.7942
33.4082
44.3982
74.6123
88.3495
93.7098
0.396429
55.7759
81.3951
4.20642
1.93937
62.0586
58.8426
63.7833
77.3995
16.9424
52.9123
68.4808
65.9987
11.2967
75.3901
41.9754
18.438
86.8843
83.3266
20.9706
8.26838
57.206
51.5617
46.1922
57.6681
50.5619
73.7025
69.1631
76.6002
82.1289
102.741
96.1543
15.1936
111.147
82.0946
31.1646
37.8752
55.2747
84.5445
84.2301
79.6288
83.4444
72.8427
62.3871
71.5743
104.637
85.9868
69.7987
81.6853
73.7586
33.2988
75.7274
54.7045
114.234
47.8654
109.539
84.48
82.0123
71.4697
72.7467
101.551
77.4546
101.053
80.7324
19.3528
63.7034
77.8251
46.9243
55.9351
72.1864
71.487
26.5202
78.5077
1.44034
43.7357
103.205
58.2197
42.3268
16.4844
40.5725
47.6367
73.0226
58.6768
45.1729
82.4905
87.4877
13.3433
20.0944
81.3116
51.9318
5.12922
68.4181
92.9959
28.2498
59.4056
75.1354
67.1201
68.37
96.2359
44.1879
95.0049
86.9996
79.1251
102.868
63.3697
111.547
82.9628
45.0566
74.4371
77.9172
39.8862
67.771
90.7222
67.1987
57.7149
45.0163
40.1149
58.4302
79.3795
14.0474
39.2965
80.2107
50.8267
45.8318
88.9029
0.0578939
106.141
68.3769
71.0051
97.158
7.97516
42.0352
19.4128
53.6724
60.6242
75.8704
44.7079
58.5118
78.5738
51.4841
20.8966
95.8499
37.8832
68.4663
89.4598
80.3261
94.1738
60.1668
153.23
MET does not have solution even after MET smearing.
The solution is returned as if Delta was zero ...
82.9406
45.3712
15.5355
116.655
21.8132
25.3918
16.3758
21.6167
0.90563
65.8863
69.5426
35.8923
82.6244
8.44951
95.2716
3.30445
119.665
1.7841
76.2026
72.8027
117.019
61.9785
17.9648
86.6299
18.9853
163.022
MET does not have solution even after MET smearing.
The solution is returned as if Delta was zero ...
31.903
71.2323
129.899
83.875
18.2807
94.3543
108.959
89.2437
46.0448
96.5251
91.9073
2.4045
63.8546
42.5709
34.6006
25.9104
99.2382
48.4159
62.445
73.4773
72.5711
65.9809
26.2193
76.4636
57.6902
85.6999
83.8224
106.089
73.9868
57.5198
7.11017
114.357
76.5456
53.2747
45.5547
77.2251
68.741
74.4277
73.9329
47.3269
85.5075
54.5274
28.8363
12.1577
25.2017
22.4942
99.3891
21.4514
82.8519
75.454
44.5729
45.1994
81.2568
18.3135
51.8352
50.0554
18.1337
83.293
9.81472
90.5687
162.44
MET does not have solution even after MET smearing.
The solution is returned as if Delta was zero ...
118.091
104.289
69.217
63.4441
31.3299
93.0186
75.0288
126.394
108.171
71.1778
20.2138
99.6256
50.9651
61.3734
63.2337
87.6354
107.118
79.9058
51.8557
76.0789
81.6551
37.8733
84.1395
36.852
64.0517
15.2537
26.2247
5.73965
70.3673
77.1946
10.3628
103.46
73.7888
77.8911
27.8391
95.5727
51.7298
97.7798
75.7026
97.8544
42.8746
20.9191
32.2426
78.1585
68.108
43.5384
73.8767
87.986
92.8243
141.973
67.891
73.5504
74.9919
6.13988
4.7642
94.0056
20.6285
62.1324
93.2882
52.4881
83.5565
95.85
96.8826
38.1067
73.2479
58.1836
94.4165
113.01
56.7233
123.741
71.1657
23.12
98.7373
62.7861
58.3327
64.4076
50.5219
92.035
17.1993
112.009
54.1827
75.7005
30.2445
124.656
72.1685
68.0435
74.8257
48.0011
13.3266
61.2524
52.8525
90.4621
77.5136
61.6162
68.3754
85.0709
26.4561
68.5251
79.3243
97.6281
30.6829
83.5364
71.7886
30.3348
73.9183
2.7393
43.9705
47.2036
78.2004
35.2642
40.4793
18.7659
26.6633
90.3056
66.7222
1.31286
51.2628
73.7435
31.8899
12.2751
69.1197
77.1758
52.6733
56.167
62.1659
84.3298
89.7018
40.2008
81.8102
34.9942
67.3298
39.8363
62.9086
102.72
65.1336
83.1984
42.0468
23.3596
35.0381
63.7458
101.797
34.3787
64.1013
100.126
102.355
84.6854
51.5331
3.70392
108.802
59.0874
74.4028
69.146
144.185
75.9587
62.7825
69.4593
76.813
1.77829
99.4571
80.0649
88.3863
20.7848
39.7836
38.6595
58.4755
94.0292
61.3051
57.0153
84.7056
105.964
63.4258
9.88254
77.8947
70.4013
121.435
93.8961
84.1918
120.773
42.6901
73.5515
146.027
100.988
35.4863
27.6895
9.04501
53.2597
121.903
MET does not have solution even after MET smearing.
The solution is returned as if Delta was zero ...
75.3803
40.5628
65.0311
46.1301
18.5377
70.056
71.4829
39.4492
65.5499
48.5601
101.634
54.2461
78.5274
5.59296
4.23337
86.5739
77.7859
28.0106
10.923
106.513
42.2799
104.149
87.1107
79.4076
84.2243
30.1031
19.1336
128.956
66.9828
66.0937
122.158
88.5705
77.8765
43.8887
22.5132
10.4451
74.6318
86.0873
64.4563
83.8038
31.9828
124.957
18.4738
48.9688
91.6115
95.0009
32.8833
93.384
59.2735
65.7093
44.5936
86.9331
8.0009
57.7806
65.8702
31.6719
62.0693
65.37
54.7989
77.4332
12.4473
47.8022
23.6533
37.3659
52.8743
75.5397
89.4106
40.3987
53.6278
82.5106
45.0324
71.5174
104.096
92.968
76.4465
53.3406
46.2429
76.985
66.3041
61.5464
29.3779
17.2921
47.4528
56.1961
85.7654
0.760398
80.2162
84.516
113.46
52.9677
66.6058
49.1212
67.4528
55.8403
69.4516
56.6162
72.7497
56.5389
88.8925
48.3339
72.2787
87.1556
74.4327
73.4119
57.6936
96.7061
45.2645
69.2217
41.1952
74.2206
6.12813
87.9747
69.3068
27.0005
68.0962
41.3224
46.0513
107.66
61.0802
84.3256
16.0107
58.5821
89.7961
74.5381
72.8456
56.6697
114.908
60.6338
74.8952
85.8042
72.0581
0.705208
6.38185
85.6544
66.8167
55.2723
42.0505
12.184
25.4868
24.0188
75.8295
63.5906
141.257
47.2516
56.9087
22.1851
119.014
77.9639
63.0636
95.1628
60.6341
78.7474
85.1301
85.6038
22.9449
71.7581
73.4213
17.7793
76.1231
9.33604
125.841
19.0308
52.9886
94.4571
86.5905
27.0898
20.5586
46.613
70.6354
44.7948
95.4018
118.562
70.7614
41.4176
62.5556
59.4739
12.6272
52.1107
81.9016
31.1221
62.704
69.0567
62.5622
50.3738
89.0896
87.0068
32.8833
27.996
116.511
66.9139
12.3636
57.9943
61.7149
73.6865
39.4141
93.791
72.8905
78.9539
45.7415
54.5602
71.5855
33.4176
41.2741
81.9338
90.9604
66.0137
0.718373
104.657
30.4391
73.3644
18.2587
15.7702
114.504
64.1845
61.1296
70.9684
51.6328
57.6242
84.982
107.652
63.4314
8.26684
59.2035
31.7172
33.1089
31.2169
9.60941
35.14
82.8598
87.7394
105.627
45.8136
45.7704
41.8474
37.3549
33.4376
79.6873
85.5362
32.2311
59.326
78.1345
89.5877
50.2999
55.0334
61.1539
29.2311
2.35489
36.3807
66.0734
43.5682
53.2771
84.5432
17.7908
80.9366
12.1471
70.7552
33.1169
101.695
113.094
66.9501
106.073
108.434
56.2172
82.4948
50.3925
79.8569
95.0279
36.9086
117.474
60.5424
63.4884
38.0019
43.8691
78.0162
37.8087
44.8295
29.9
62.0007
1.98875
68.0496
80.8718
101.934
52.1554
1.37397
94.889
43.1166
99.8926
10.8611
54.3723
51.5222
80.7915
142.045
64.769
110.384
103.83
1.49691
11.4683
76.6181
61.2355
30.7848
87.3498
50.8004
52.3669
11.3024
40.2896
89.924
1.6915
90.2723
80.3852
130.673
87.8023
35.6477
71.8611
84.0599
11.4904
77.1025
59.6486
113.197
62.5049
35.1567
92.7747
59.2267
45.2891
82.5593
24.1942
80.4138
74.1054
21.2529
71.5002
50.396
61.1592
54.5184
9.47232
97.3179
38.887
59.6881
5.34417
27.8106
34.3039
35.7774
39.3883
75.1422
65.5681
69.0375
44.9431
42.7761
47.7722
98.1074
75.3727
41.6076
70.6296
35.9407
80.2541
75.6161
0.283027
31.4315
43.8649
82.0949
83.5947
97.1136
41.1574
86.7408
0.284471
53.05
76.87
53.4133
64.272
54.1584
81.2865
52.4302
61.1681
52.2677
15.7216
32.9651
51.5153
92.0484
58.5823
91.7124
37.603
25.0591
61.6721
152.763
46.8117
4.55547
79.2186
71.5577
44.8737
23.41
74.4342
94.8438
78.8935
77.4223
11.9804
32.7256
51.4604
63.7714
91.3995
33.3807
17.0545
18.6462
20.1531
84.4838
3.42413
57.139
59.235
75.1639
47.6024
74.5709
84.265
101.201
42.8278
24.8647
32.6562
72.9151
63.0948
13.8424
125.892
62.5216
92.4301
89.8207
21.1767
31.8312
63.2416
16.3313
45.2483
80.2914
45.8243
43.7263
96.604
42.1619
79.8431
3.86855
63.9621
53.3213
134.817
22.323
14.2621
25.0731
81.5604
21.8412
62.2074
83.3416
85.6118
40.7573
71.107
141.389
117.701
82.927
75.1814
76.9208
41.4174
64.9409
99.0868
86.128
28.8723
64.8791
61.7162
68.8326
98.6462
38.012
26.4678
41.604
25.0193
78.0729
51.096
69.1822
84.3667
76.4567
161.487
87.5669
82.5663
63.6467
45.5928
59.6798
49.5397
38.7569
49.6437
12.3387
34.6459
67.5713
49.3647
26.1332
36.7719
66.8652
25.47
43.1466
75.5331
105.628
34.7061
63.5427
16.8406
86.9417
70.4627
17.3107
16.3416
8.39609
51.2109
28.0204
64.6076
88.2506
70.2759
16.8123
153.627
69.2969
75.601
81.2356
79.1948
36.6438
58.6907
49.5838
23.4739
42.6035
76.1834
74.5451
69.776
88.5033
26.7756
44.9643
21.8136
62.595
98.9329
42.6401
6.36872
30.6306
86.3171
19.2253
35.5936
4.71655
34.7546
42.1135
10.6586
71.9714
96.8238
18.1242
76.8279
62.8692
50.58
25.9026
66.7453
16.9012
88.4298
67.5185
37.9632
94.8407
41.7752
56.5245
74.2496
77.2161
74.5047
10.386
88.6342
80.7058
47.0169
13.0818
20.6044
86.6514
91.4569
69.9817
7.0664
58.8954
15.6751
45.772
77.5929
50.8919
24.3868
75.8738
4.08404
68.0487
27.4541
75.0955
82.5983
149.328
90.5295
9.79162
52.475
81.6755
85.1103
43.6775
44.3347
63.7805
85.1842
66.7924
53.0631
38.7679
44.5868
87.1862
53.6217
74.1367
140.745
MET does not have solution even after MET smearing.
The solution is returned as if Delta was zero ...
43.2023
54.6935
38.6093
27.7044
39.9818
38.1811
25.5102
98.1569
31.2738
92.1538
42.1033
47.319
67.4203
85.8939
61.4215
42.3529
43.4955
47.164
39.6631
68.6057
46.4272
91.6131
24.7712
13.0256
47.3123
67.5925
91.6664
83.1696
90.5826
95.9278
29.8028
51.6455
94.3505
110.885
62.8147
69.3979
85.5856
83.1407
49.6917
43.5489
72.4414
98.6943
90.5143
53.5883
51.3884
3.62512
68.8953
69.7348
10.4611
74.6149
82.3153
56.3507
46.2285
61.0466
86.957
73.8546
64.9484
0.394746
50.0833
28.4218
48.1017
40.8541
64.3354
58.5891
80.1433
48.9648
66.4034
45.8229
61.6948
161.716
MET does not have solution even after MET smearing.
The solution is returned as if Delta was zero ...
77.1079
4.20252
90.6571
103.355
120.766
44.2823
108.62
70.0203
46.247
77.7111
46.5787
104.789
71.8948
74.3595
73.5164
80.1161
74.2555
40.1326
95.5349
0.282238
56.1473
69.0087
76.6217
14.8853
26.0495
38.8296
66.2433
43.6862
35.9435
30.4615
10.119
64.5637
67.8902
80.7939
13.4689
71.2673
99.895
63.6766
66.214
30.9214
28.9617
42.8387
30.6281
67.9043
91.7546
80.3607
51.0107
59.8605
26.4897
99.5043
96.9488
16.1495
90.2865
102.779
67.9839
98.8982
77.8711
4.43007
54.4589
73.9536
101.164
80.9618
49.0411
135.611
48.2314
59.6569
73.4841
23.5669
104.845
66.6607
86.0454
103.619
132.204
1.26021
85.7121
6.53144
75.0691
93.992
60.1334
108.932
82.6692
37.6497
21.1755
71.449
20.7717
8.26626
99.8537
81.452
55.2098
81.092
9.71039
56.7146
17.6567
68.7028
52.2677
69.6768
77.6171
12.8116
74.8474
48.7021
28.6366
83.36
77.7376
73.9828
67.8478
35.8155
50.1749
43.9187
51.955
76.4176
83.1333
55.6613
36.7395
5.36898
14.8704
28.1006
82.7373
64.6859
69.6526
64.6328
33.8733
11.02
64.6718
15.479
63.2874
91.6667
39.3725
29.6325
55.6392
4.61298
120.466
18.401
12.1617
17.1184
85.6607
130.076
MET does not have solution even after MET smearing.
The solution is returned as if Delta was zero ...
42.5032
57.0555
45.4351
57.3735
73.6083
79.4051
87.6885
75.9987
32.0248
31.209
50.2692
74.3146
78.7653
96.5442
107.828
43.6218
76.0141
88.8619
26.1414
110.415
1.6871
86.7157
35.9536
26.7597
80.8736
71.68
50.6858
12.8254
46.7497
31.8377
61.6229
60.2078
58.5452
22.1374
17.4438
38.039
84.2365
66.5917
79.6559
33.251
89.408
4.79392
85.9591
25.7652
87.2592
74.9755
79.591
36.4848
80.2532
93.1079
59.3524
64.435
6.07967
78.0792
55.5764
23.2013
61.9166
13.5003
64.1534
12.1088
112.084
58.2576
39.8576
63.8124
69.5669
47.3329
29.7708
85.9102
45.3594
96.8649
48.912
56.1269
38.9379
9.09471
36.0585
61.535
86.0723
116.463
0.941485
6.30526
33.818
75.3612
65.7026
15.3453
33.4869
42.7212
99.7732
87.6619
49.8378
60.9572
53.2059
105.349
95.2581
87.6187
76.1066
61.6149
68.5456
89.3218
66.0899
33.9162
91.7095
32.7025
54.7953
95.4184
43.1016
83.5326
105.469
62.4104
18.3481
61.206
22.1059
101.181
82.9907
50.4237
12.0956
11.6349
35.5448
10.7296
97.6473
105.494
45.8941
54.7943
88.4783
7.29882
12.4271
80.8597
69.4704
78.0216
79.5855
86.8059
22.0229
56.3941
2.73684
67.4166
53.8479
34.1164
2.61273
44.193
8.49288
97.7916
55.712
83.3091
11.3668
51.2265
79.3014
46.2474
86.3664
79.8423
93.5868
15.6111
43.0693
27.6204
65.8086
47.1203
75.6804
100.822
145.835
85.3642
12.4414
85.5273
53.877
76.9045
46.6105
61.2009
129.249
70.0931
64.9395
43.9841
27.8945
74.9548
90.0179
22.4506
16.4513
63.2391
108.287
68.1379
91.3989
67.2656
104.29
19.7763
47.5351
139.029
54.8323
4.74933
78.4962
42.9422
44.9876
61.3742
91.7815
81.4783
81.8586
71.1578
20.9617
85.0119
22.9442
20.8943
47.1286
86.2158
110.077
72.0283
67.8724
68.2208
38.2415
101.796
52.8216
71.2245
91.4616
115.881
76.1353
79.4506
78.2658
72.4548
78.1903
112.974
54.2922
91.7309
57.8855
126.821
83.1211
114.864
35.977
80.7995
87.9463
3.73794
78.7462
93.919
44.9785
85.523
113.639
17.7569
42.1231
40.118
58.9979
18.0378
72.6425
74.9907
72.1236
57.4923
17.2128
71.3727
72.0468
84.2832
28.9597
76.0496
53.998
86.4313
51.1603
62.9406
46.7127
22.0335
93.7506
46.7778
34.3658
69.9092
0.497953
75.875
79.5261
59.1304
7.38179
10.2401
41.2348
67.5504
24.1647
80.8852
8.26413
72.2817
22.045
78.6427
44.1023
69.9028
99.5543
104.526
125.918
83.4098
62.5102
78.4678
77.4561
65.2267
10.8946
84.1599
72.5272
8.54039
22.8274
80.8054
95.067
33.8427
91.3953
62.608
3.59522
113.9
69.7168
50.6608
83.7071
13.848
92.9374
72.5172
53.9358
69.4148
44.4596
58.0652
66.3685
79.2428
18.7605
40.2472
65.2699
78.0216
93.708
18.9672
25.5759
56.8235
68.579
68.6845
104.582
72.5451
1.76119
29.2596
98.3415
76.2319
76.4161
29.2221
77.9754
22.8366
86.3969
49.815
64.1714
46.939
81.5105
75.8928
55.8337
70.1293
71.9989
30.8765
88.555
52.3194
71.4916
10.9648
30.2436
12.8017
67.8907
53.6158
118.794
31.3671
78.6065
4.48612
25.6157
64.7634
30.8935
86.3109
69.8583
11.2136
25.5921
87.0447
2.34733
59.35
39.4306
63.2103
77.951
6.60334
4.88134
48.6156
51.5487
65.2294
57.8313
38.2354
67.401
23.8274
90.6761
73.1194
90.6552
72.518
81.6323
52.0276
73.6545
58.3211
0.235893
46.3358
10.1882
109.408
107.102
78.3437
72.9053
16.3677
37.8521
12.7262
47.7379
47.8603
24.4034
33.0072
2.66641
3.42472
7.0126
83.1939
7.28424
76.4331
81.7653
2.82225
2.00649
39.7867
95.2179
17.9172
73.0095
15.9397
65.6534
84.4659
48.2334
53.2836
21.2034
43.9245
75.8699
26.6014
107.472
101.355
76.6715
96.4516
97.4503
64.9945
14.159
54.2173
51.4548
126.082
85.7346
72.5193
58.6434
95.1885
11.1041
61.1843
78.8876
72.3111
84.1456
85.556
73.2312
63.9449
49.9256
73.0079
29.1264
68.3295
29.5507
91.6818
76.6076
98.7313
54.8312
106.266
58.8165
78.508
69.9856
68.6385
47.6233
52.6226
87.1766
21.7219
43.0396
65.3276
64.5357
95.2907
69.1366
21.7864
25.1688
17.5438
101.508
54.8302
86.6881
8.51919
87.3028
22.7074
36.6929
23.5901
70.6603
112.517
76.0799
57.1827
78.614
120.845
17.3874
67.0943
23.0266
7.99855
62.1153
88.7178
77.2911
4.83288
58.596
15.0766
23.1327
27.0849
72.3066
64.6284
47.1767
59.6732
28.2821
31.5599
91.6457
85.0528
14.7784
88.8313
141.239
52.4253
12.7629
91.0083
69.7259
49.5215
15.443
58.8095
40.7247
62.6505
85.7826
132.013
55.2127
37.4561
62.3451
7.77635
50.9158
38.7355
117.933
62.5729
48.499
46.9219
134.444
MET does not have solution even after MET smearing.
The solution is returned as if Delta was zero ...
75.6194
37.8376
27.1824
73.0829
53.6018
31.5278
5.01858
317.83
MET does not have solution even after mW smearing.
The solution is returned as if Delta was zero ...
MET does not have solution even after MET smearing.
The solution is returned as if Delta was zero ...
74.7871
4.76622
69.0438
77.3473
34.4642
52.8591
81.3242
70.8545
6.20448
89.4538
57.3925
16.3546
44.865
97.2428
77.6091
66.2034
25.174
27.733
17.3051
71.8085
66.8671
84.2679
60.4776
89.5715
92.5778
83.0196
13.5653
92.2834
58.6023
77.243
62.5907
17.9679
58.3299
98.1055
114.667
17.5547
59.8352
63.9138
144.885
70.6936
60.2151
77.3734
79.9996
25.5893
128.915
88.9373
9.18302
90.1449
73.2688
83.832
55.4538
43.4377
81.6642
83.4843
72.6537
65.1639
81.8456
36.5161
3.55705
35.55
38.1183
77.6495
55.3798
40.067
27.5507
71.5365
82.5143
60.8927
48.5883
26.7557
67.5442
4.15741
67.3091
75.8443
86.5858
94.8362
69.9213
10.3707
57.475
113.944
96.8707
131.94
74.6166
46.2136
82.014
69.5885
78.0303
78.6636
70.3178
98.6998
77.8402
130.34
57.5619
91.2133
82.2945
76.857
69.3324
69.1557
76.4295
78.1036
52.4107
93.5633
72.3515
84.2117
125.838
68.0427
45.3619
93.4422
82.9315
86.2575
88.8017
107.8
69.9701
71.0639
92.3156
110.415
22.3006
15.9733
12.3486
54.6185
65.4263
106.416
70.2298
45.8664
82.2751
50.3461
64.4525
93.2485
76.3118
45.3806
47.9637
37.2958
57.9877
82.3336
74.7833
14.4471
72.3017
9.72963
53.366
92.5135
104.121
43.8703
77.7785
102.095
64.949
48.9986
79.3965
30.3373
11.2946
21.7269
49.7738
58.4699
56.6865
49.1086
25.516
91.1356
55.4687
13.921
96.9413
57.9205
83.0147
49.7845
32.5881
34.4852
95.2142
86.9171
34.1626
43.8225
31.8113
17.592
44.9407
42.8668
24.9007
94.6499
55.7455
65.4404
80.5559
65.1524
69.4287
102.896
68.442
64.2167
49.6859
25.8738
64.9785
88.3128
130.72
73.0244
75.8225
121.419
86.8839
66.458
66.7258
64.2474
103.697
91.256
8.34854
1.1959
84.9228
64.8813
13.0081
23.429
60.0204
42.2022
74.3539
2.33888
40.6329
9.95453
85.8771
3.02594
71.8147
6.50718
68.327
37.708
77.0473
15.0343
20.8646
51.5313
18.302
85.1198
14.6706
120.668
64.7847
91.1138
40.4399
77.7414
53.8402
65.6804
93.263
58.1353
73.3134
70.3979
47.2778
71.9286
61.688
41.6857
72.7761
91.3953
7.20187
53.7715
63.6334
83.022
73.6231
37.6425
47.7661
80.5832
16.8728
76.4562
50.8791
63.5622
140.765
MET does not have solution even after MET smearing.
The solution is returned as if Delta was zero ...
18.181
57.0456
37.6162
97.3127
92.2147
69.6257
84.0468
84.1491
76.3275
32.6455
94.6219
98.2929
77.5974
46.3248
13.0203
104.637
26.0643
50.8258
72.2528
82.9886
69.2598
54.833
19.9507
92.8988
91.2239
114.066
41.1359
54.6556
16.8242
67.6067
50.784
53.1745
80.2174
29.9358
45.2756
23.7031
61.858
82.0256
38.3067
106.704
105.269
81.3389
53.4112
183.459
72.8595
47.2958
29.5472
105.592
94.8699
71.6827
75.1111
14.4488
77.97
86.8172
73.8503
49.6221
71.3563
17.8655
118.156
83.5767
10.5928
67.5285
126.202
47.2401
75.585
100.87
52.5578
82.0146
52.185
61.6728
61.6126
84.2206
72.6421
106.88
4.79494
111.068
65.1409
12.1868
54.2221
10.6115
6.31553
23.0787
79.9336
91.0023
40.311
57.4214
53.7586
79.3726
46.4267
47.6132
27.3381
78.9095
23.3583
16.1612
89.9544
66.2318
30.6397
53.7571
44.3591
74.8089
61.1544
83.7221
105.845
95.6529
11.0365
108.472
81.4466
53.6019
104.657
93.7232
3.9933
70.7956
95.1084
99.9362
51.2969
77.8044
76.5121
66.3021
74.5567
24.2535
82.8953
49.6908
5.59232
54.385
24.225
59.9138
56.6235
98.8164
54.5305
64.619
5.27473
65.845
101.256
2.41267
15.7709
82.2831
44.1725
52.7581
28.3323
54.9871
67.6394
48.3942
72.163
11.7436
100.145
19.3439
41.7948
99.9466
96.8957
28.2399
55.6493
7.46808
90.7231
71.7848
34.7242
3.41717
46.6973
41.2512
114.163
53.7483
83.8309
55.9492
67.2914
8.72708
23.9915
84.3044
51.544
44.5397
56.7874
79.3652
87.7267
56.6475
12.2379
57.7422
107.596
47.2908
77.8609
77.3514
63.8097
40.1133
80.1996
12.3922
84.0058
22.3059
71.8254
31.9474
54.4079
10.3756
48.8574
127.964
24.9863
67.4881
29.2578
75.4373
81.0142
6.60278
71.8525
78.0595
7.64008
34.4282
80.4898
32.9568
69.6202
73.378
49.5872
42.2534
60.9417
71.1323
51.3101
52.3256
76.2552
44.5947
55.36
30.9182
58.8294
78.7287
86.3624
83.708
62.669
26.8112
87.3839
63.4167
86.2573
61.0264
71.8646
14.1468
56.1196
75.2413
33.0437
15.3071
103.437
91.6054
67.2573
62.882
96.1263
14.9811
59.949
93.213
55.8531
88.6409
115.782
3.50707
82.0399
66.1703
37.8163
42.3468
104.279
60.6698
27.5484
70.306
73.3017
21.2279
32.2197
73.7786
78.9986
49.4032
50.7915
15.427
53.7664
88.2442
78.3476
58.7826
28.0214
61.7257
83.3851
180.765
65.0432
40.6744
91.1997
36.5305
156.529
33.8934
122.201
53.0639
81.3488
40.0301
62.5852
75.6431
82.962
43.1669
19.7268
61.129
65.3791
71.2804
6.86077
80.7381
61.6631
15.5212
4.92575
114.692
71.3355
65.7981
75.7517
71.7663
5.31255
98.0652
81.1548
59.8706
83.7653
68.9769
74.279
81.2839
7.10255
65.3917
77.2583
1.5948
58.4861
118.838
92.1496
57.8634
26.7796
61.4836
55.7167
70.0931
72.7792
48.5414
34.9817
129.764
50.8222
64.6315
64.2935
9.46815
21.8481
28.2675
108.924
106.111
74.4486
101.515
85.1151
15.7838
20.3979
78.7379
108.719
63.5792
49.6272
15.772
22.3534
92.724
14.3381
53.1373
26.8166
21.0924
53.3918
45.0106
91.9627
76.2557
9.54509
48.4019
99.7507
56.9153
63.9966
71.6135
64.3703
46.6207
75.5382
94.8217
92.5933
57.9428
48.8984
95.6916
82.7398
30.7861
40.2076
25.0661
40.5255
55.034
65.0717
16.5754
44.0576
69.7117
71.3023
98.0667
19.4051
53.1354
3.23836
99.9682
136.784
MET does not have solution even after MET smearing.
The solution is returned as if Delta was zero ...
27.2743
40.1896
6.21658
89.7594
36.1622
92.6344
64.2803
40.7868
4.92458
77.1198
71.7697
69.8777
76.3975
68.8355
68.3761
69.9725
78.5397
81.0416
74.4331
46.3777
83.5975
44.5356
55.7706
85.7512
52.2017
31.7365
117.868
75.2206
69.8643
51.5035
102.699
28.0369
35.9128
48.984
92.1733
30.4682
47.7841
75.0535
10.1671
51.9635
21.8712
77.2674
81.156
53.8421
80.8859
67.1138
78.3468
42.3406
105.232
44.4548
50.7916
70.269
87.3458
69.0514
56.5683
43.2699
51.482
45.1741
64.3778
44.5219
68.4962
37.0384
72.6514
43.6985
21.2616
54.0602
52.5203
72.6953
94.0699
101.661
87.0874
44.2927
19.0237
15.2373
22.4693
3.50749
96.3682
84.9634
97.5409
56.1945
62.0017
54.3782
52.6673
62.4179
59.255
68.3843
53.5215
27.591
48.9019
14.7112
33.4523
75.1047
64.6776
75.5049
67.2817
51.8732
60.8214
58.7597
2.16814
66.9269
78.5239
60.5887
78.914
80.5403
4.88119
101.495
68.6212
23.4195
22.1225
98.349
13.0112
10.6368
82.0008
35.7154
54.2655
76.0689
89.2216
115.379
75.0561
46.775
73.1204
49.001
19.4955
82.1337
43.5815
87.3276
21.8146
59.7778
66.6924
52.5118
70.6917
11.0596
59.3619
96.2348
39.4075
43.5033
78.7555
83.2432
49.9984
72.3438
87.7358
59.2994
62.3255
58.8303
3.00231
75.8583
74.1922
50.8999
25.5521
46.6063
119.316
58.1364
5.12714
30.3768
17.1836
102.952
3.63126
54.7213
61.0293
46.841
84.8836
49.9177
59.7503
85.491
79.3661
27.3933
86.3027
59.0586
70.6556
78.802
30.4823
85.0453
76.5427
144.354
MET does not have solution even after MET smearing.
The solution is returned as if Delta was zero ...
18.3128
56.8451
92.8005
92.3743
93.3483
23.8218
11.0384
8.56082
27.2997
18.1006
62.1389
58.8995
24.1507
95.4098
36.1854
34.0032
0.0797244
11.8952
63.0022
21.9135
70.301
35.7869
48.9572
83.9822
9.01065
117.264
3.41521
82.5881
32.197
47.1914
105.445
103.7
31.3343
49.5163
51.1488
81.6235
82.057
136.636
58.7029
120.736
78.2189
80.0491
106.501
31.7859
23.1569
38.8507
70.6901
42.4892
73.403
2.52398
26.498
72.8988
79.5706
92.1356
103.889
3.68278
30.3352
56.0224
37.69
86.4373
46.095
86.3702
88.3345
60.796
50.6013
91.4908
84.0009
3.92032
54.1051
0.676919
1.8627
93.0239
76.2036
88.845
10.3722
0.891524
129.199
97.408
65.3943
101.129
69.6416
7.80798
79.3914
8.79977
124.659
77.5072
52.609
90.2285
5.22608
76.0799
67.9925
44.1914
65.8242
20.4565
16.7323
44.0708
3.01989
139.346
MET does not have solution even after MET smearing.
The solution is returned as if Delta was zero ...
69.7811
100.995
19.7539
71.9337
44.7554
28.0491
60.0932
12.6471
42.7089
85.2521
89.5782
70.9837
34.3505
49.5833
39.5984
7.68191
72.4589
22.6504
31.868
48.7789
53.2024
110.587
72.1527
55.4276
107.749
60.4522
66.1669
68.9512
64.8273
79.8744
7.27586
19.4682
76.5378
126.802
26.9762
4.73959
97.2152
56.81
24.5779
50.868
79.9172
4.80028
48.2945
59.8382
80.7148
8.02342
40.2961
83.9428
100.512
13.451
71.0214
54.6587
71.6473
7.38413
90.0627
78.219
90.8201
38.3702
51.1616
26.8797
54.5954
25.4668
81.6658
51.5189
30.8723
56.2891
65.9561
17.1509
57.1626
41.9459
73.9467
99.538
23.7984
32.2989
89.5033
51.5658
85.7074
41.1382
64.4762
48.2248
88.964
79.3958
91.3799
87.9397
117.069
84.8228
93.2888
41.9576
24.8097
72.016
73.4711
48.1145
17.9061
72.0521
58.1137
59.7368
65.9058
55.8694
45.3057
67.1998
1.67638
46.7575
66.1566
111.614
1.45876
102.962
96.657
73.3429
67.3927
25.7769
57.5837
38.4931
46.7123
73.5859
70.7759
44.3904
68.9511
15.7796
74.0059
68.8331
11.3774
78.7896
63.3248
52.7792
41.4348
45.7127
69.1509
67.2538
61.2676
74.0249
35.994
84.347
85.5006
52.0874
98.1302
48.3337
168.499
33.605
25.4744
81.332
78.821
13.4316
62.6348
128.26
103.081
74.7334
37.7257
62.9303
34.8965
80.1759
59.3529
57.5864
39.0019
68.4625
29.1
59.121
31.8113
39.8776
80.1018
60.8829
76.0696
68.1993
57.2417
68.1158
74.4875
45.7842
100.618
8.37196
59.1455
36.9068
38.7446
74.9936
0.762298
70.0666
57.6851
67.7882
72.9771
16.0649
70.8928
48.799
57.0145
70.0187
52.7251
91.0458
41.0397
38.5256
46.4597
52.5317
103.321
57.9187
64.7191
107.109
46.8897
27.8239
75.0423
31.4016
21.6408
64.3415
110.371
39.974
55.0018
83.8304
79.2282
5.39529
57.4852
120.613
77.7024
94.5025
112.899
75.8676
39.6032
87.7036
105.797
67.8733
75.3564
86.2545
37.3531
121.493
62.5724
27.3781
44.4067
30.4744
80.3297
17.1814
23.8201
34.0678
89.358
85.0897
18.5986
48.8779
59.6356
45.871
57.3668
68.9196
82.336
36.1039
58.7202
59.9541
93.9802
82.326
52.3725
28.2377
81.0382
61.4162
87.7525
60.4754
74.5298
2.36882
16.3071
90.7496
75.8244
76.3676
81.1029
76.428
82.549
75.0631
100.302
32.8394
48.124
75.1909
50.501
74.7349
21.124
75.5104
66.5878
79.9931
99.2143
116.03
45.1911
10.6462
68.0214
142.503
97.471
17.7837
31.2234
53.4748
42.8182
76.8051
71.0891
71.1966
79.2961
57.7143
76.2229
84.7406
62.9524
40.6895
92.1214
123.209
95.0991
67.5259
94.3249
31.5017
33.5869
25.1902
127.37
82.5082
5.58701
65.859
58.5368
19.6602
68.0967
76.6335
16.5416
60.0906
59.2588
23.6476
42.7588
65.3393
88.9116
25.9085
30.8082
32.0846
93.0061
2.39801
86.2187
43.7867
57.4301
70.6097
28.3836
50.0252
37.3293
146.906
102.64
32.1152
42.5315
0.793947
2.28155
11.7894
119.46
57.5073
67.5595
28.0699
30.4019
85.0594
98.1501
18.4552
69.541
8.71573
77.3284
67.8915
51.4414
50.6222
65.5876
63.7063
112.693
51.5354
3.57544
85.2354
12.9883
50.6924
79.6399
19.1092
104.377
38.9479
38.3193
116.923
71.3331
82.7741
80.9791
73.6277
88.3709
48.3452
82.536
32.8683
71.6835
16.6675
55.0919
60.9531
45.6393
65.8503
77.1928
14.0474
84.0759
70.7797
76.5857
61.0535
52.8706
59.1524
57.431
33.4791
137.36
3.08514
69.0578
46.1009
58.7464
8.60508
84.9754
73.3144
80.0948
84.3147
60.2622
87.6553
41.1267
96.6783
17.8656
50.4594
6.92094
83.3702
70.2838
88.3445
85.8247
52.7248
0.0167543
45.4912
60.8023
49.678
86.5895
88.2182
102.285
81.9333
79.6771
66.0346
112.349
105.99
53.1655
95.0642
105.521
43.2367
90.3321
50.4457
14.2262
84.2569
43.8507
68.4047
58.8358
53.2292
26.7924
79.4114
33.766
80.7449
84.8208
84.3595
68.424
58.7086
89.8605
44.6311
37.5051
54.2001
50.9197
67.8725
83.1468
53.8201
14.7214
52.0997
93.4698
67.9219
71.4683
82.3722
18.1757
64.6136
95.6084
81.1622
59.8676
66.0041
79.8482
10.7526
12.532
9.77031
72.9415
74.0789
111.162
78.0528
0.801326
61.7713
55.2005
58.0306
53.7138
79.8245
169.076
MET does not have solution even after MET smearing.
The solution is returned as if Delta was zero ...
72.6863
61.4259
34.3907
78.7265
70.1507
64.8295
95.7541
53.7811
100.426
83.5644
74.6076
89.7293
94.2555
53.0354
95.2683
57.9932
62.665
75.6484
89.3364
15.6401
102.835
75.52
40.9666
10.3073
29.7118
79.6751
75.2508
25.3577
34.0813
33.4473
58.6821
50.4831
11.5924
93.8537
54.5406
10.1752
46.7464
86.4392
37.9183
41.043
68.4452
56.9007
73.1842
13.0658
84.4709
90.8526
60.3625
35.6651
87.3538
42.8396
66.2376
50.436
54.7392
66.8377
64.9525
25.0829
91.788
81.8247
17.1739
47.1732
60.4172
55.2634
55.4408
43.8812
99.1802
38.7934
25.981
6.92079
50.9818
19.4503
120.27
40.0654
51.7594
35.3652
65.8339
33.776
54.1822
87.9013
66.2572
95.0768
124.532
94.2228
46.7954
71.016
30.6082
35.5725
77.1903
14.4163
59.2519
59.8758
85.3289
57.0509
65.0775
65.8052
46.9401
93.7805
91.6802
45.8836
95.3092
98.7044
77.5499
83.8477
6.77736
80.1349
70.218
105.954
87.2881
67.7633
59.7707
55.2261
101.162
113.013
50.1025
253.095
MET does not have solution even after MET smearing.
The solution is returned as if Delta was zero ...
79.7332
18.1925
81.1822
59.858
127.881
MET does not have solution even after MET smearing.
The solution is returned as if Delta was zero ...
28.0877
109.132
75.9449
106.654
48.6748
48.1756
89.1954
98.8516
65.078
43.0208
11.9442
17.5431
25.649
65.8022
92.4219
80.973
76.3885
86.514
79.2962
82.902
75.489
84.1715
43.1906
106.941
51.9706
115.113
54.3412
110.44
7.84241
126.099
102.824
81.8464
65.9902
91.6413
7.65285
52.6579
68.9828
77.2238
26.8589
27.0648
98.5004
96.6048
85.0931
22.28
89.6492
73.1901
73.4087
90.3015
83.2364
78.156
59.6934
30.4468
64.2051
87.0467
56.0467
33.5829
55.0423
15.0679
19.4844
2.98728
6.6418
58.2882
58.7478
60.3888
86.6193
20.6864
6.644
82.3619
22.2196
84.8641
70.8685
48.1836
6.1186
83.25
89.7856
65.181
104.382
74.0279
41.1961
54.6961
61.1262
12.9706
76.7709
92.982
64.9245
87.0719
72.0895
87.0318
34.3705
3.78076
20.5341
20.8429
31.8719
21.3531
48.6567
39.1307
24.5378
79.9656
117.276
136.377
38.1532
98.2831
86.6809
0.663161
63.3511
73.3792
69.9681
24.0924
66.4837
14.4817
2.41823
72.2979
78.4817
21.8216
82.9633
53.8721
46.7927
26.5698
45.4961
63.1433
55.3131
61.0788
70.5305
73.5892
106.231
20.3201
71.9037
89.9894
99.9941
32.9599
76.0945
83.3831
41.9135
80.893
71.3968
128.85
110.127
87.3717
64.4004
68.5525
77.4131
28.5918
83.4849
85.6853
76.3132
21.0246
72.8918
51.7179
63.406
60.0113
59.6665
68.2057
88.145
85.9143
83.418
97.9987
37.7163
70.3749
68.9071
25.6935
51.6473
25.5825
47.3164
73.4566
84.0261
16.3271
87.7535
147.876
108.907
73.9008
91.1473
59.3721
34.911
72.5745
65.3229
3.64788
6.955
72.7138
95.7052
19.7052
55.8766
83.2764
11.8704
16.3334
120.049
11.6822
40.0262
66.8328
75.9505
73.8338
38.7548
70.5684
30.5813
15.9343
54.7823
81.8613
95.375
8.06129
67.1753
57.7448
62.9048
126.862
MET does not have solution even after MET smearing.
The solution is returned as if Delta was zero ...
89.3771
0.013295
14.3664
73.0544
52.7726
61.2598
69.6886
10.1312
0.683265
98.3019
73.5783
58.0619
39.126
76.631
43.81
49.7299
48.4826
6.44841
70.353
46.5401
95.9564
66.0148
71.8079
86.4206
64.5938
94.3797
83.9339
81.1522
124.817
49.4979
28.217
68.9162
86.4579
59.1911
125.203
78.7489
50.5373
64.2246
28.0096
67.7675
61.3387
50.1374
89.24
101.653
75.9093
58.9144
60.8244
50.779
15.7009
87.7801
107.483
52.8469
104.618
64.4875
92.2134
12.8795
87.9847
82.9625
13.2543
69.5989
50.043
12.6742
108.378
48.6262
121.104
22.6528
94.2388
90.935
62.6629
50.0552
67.8045
63.7924
50.3329
17.8114
58.2308
74.2494
103.606
29.7436
8.05846
82.1688
73.5282
84.7731
89.448
71.4256
87.0487
46.1956
80.4914
69.2527
75.9206
78.7862
6.76412
77.5181
60.1528
30.1512
44.4711
52.6901
86.1656
66.6504
77.7521
48.3749
85.1519
59.776
77.6671
58.4023
96.4038
115.496
49.684
32.7067
21.5611
92.5352
31.2303
86.786
88.3985
37.309
160.195
MET does not have solution even after MET smearing.
The solution is returned as if Delta was zero ...
48.1484
71.0526
126.765
122.915
96.8894
31.5409
44.2191
61.859
16.6436
65.6289
18.6602
27.5684
29.6115
100.348
24.7664
14.9429
58.0491
60.1209
79.8779
7.30637
49.5453
85.1618
21.5912
134.292
81.1607
32.5609
45.8857
63.1157
74.2998
59.9291
70.7237
53.3347
80.2857
65.1072
78.2194
30.9514
61.8877
49.1333
67.1588
105.958
70.8368
26.8421
86.9019
79.1228
71.4924
87.8373
17.4074
30.1838
40.5559
33.6768
58.9082
54.9437
17.6768
29.4274
76.0918
117.786
82.4488
91.7324
72.7213
79.1362
113.909
51.0969
34.6743
62.2964
23.064
27.3325
96.1312
45.6993
15.545
53.5287
38.5712
69.6278
93.7306
11.768
91.5641
5.92535
27.0479
7.3485
44.941
98.4043
69.1288
52.8233
101.574
57.5922
62.6076
106.416
24.0252
54.057
72.6329
74.3772
125.694
MET does not have solution even after MET smearing.
The solution is returned as if Delta was zero ...
46.2845
89.8107
10.6835
79.5221
4.15843
22.0106
12.9004
69.0369
1.55052
108.164
90.7053
75.1457
105.127
61.7452
53.1163
158.048
81.6619
55.1438
64.3017
38.1937
47.6151
175.791
MET does not have solution even after MET smearing.
The solution is returned as if Delta was zero ...
79.8911
88.3007
37.6774
34.2051
20.5177
51.8771
74.5072
69.1104
3.75635
34.0625
59.4187
56.2067
90.2366
82.1259
79.9189
78.3698
170.666
MET does not have solution even after MET smearing.
The solution is returned as if Delta was zero ...
76.3103
47.8795
55.994
73.8625
46.2329
70.5839
67.8435
8.35415
80.6582
54.3422
81.1439
171.01
48.9053
64.6484
76.8381
84.9928
61.3312
147.945
MET does not have solution even after MET smearing.
The solution is returned as if Delta was zero ...
205.862
MET does not have solution even after MET smearing.
The solution is returned as if Delta was zero ...
88.0653
85.1177
3.63214
71.4133
70.5866
76.8333
80.3595
79.562
86.3804
9.49321
62.6416
86.9196
35.0822
45.0019
39.8491
53.8663
47.7494
11.9575
54.1478
40.8367
41.6741
55.4864
29.0964
35.5326
59.0532
6.12294
136.991
78.1496
106.261
57.081
12.5714
114.978
95.5519
18.5557
35.5444
47.8149
73.3247
63.8003
25.4255
63.0392
79.289
53.5451
83.923
87.7496
64.5324
110.91
24.0829
209.219
MET does not have solution even after MET smearing.
The solution is returned as if Delta was zero ...
76.3662
67.1738
50.3865
69.716
92.1607
83.2794
53.1022
40.2521
45.7037
104.228
26.8802
79.8098
13.4381
81.3426
75.2834
75.138
58.5626
68.0296
65.3797
26.129
74.0771
63.8568
81.0747
70.1666
39.062
71.2535
7.71107
41.2636
70.8431
116.942
10.267
88.2786
48.1608
58.8776
123.949
29.3974
88.8724
20.4901
59.7477
70.8863
29.8294
25.023
58.3383
72.6576
68.5102
40.6773
74.3252
97.0142
96.5256
115.504
11.8005
34.6157
108.749
63.6621
77.1308
38.3443
53.1444
74.2135
47.8382
93.7306
38.4816
77.2169
0.681371
88.845
37.2203
105.089
31.3873
79.9498
8.50408
77.5409
73.241
53.3257
54.1047
69.7501
77.9902
80.7274
29.9361
55.9603
92.9422
60.5695
53.0304
0.691646
83.194
95.8792
49.0632
52.1331
34.504
75.7751
73.7313
51.9935
136.622
12.1569
11.3906
1.22713
59.8666
34.1268
26.7893
81.9932
26.584
19.0794
138.417
35.6091
111.722
23.5264
84.3079
66.6439
65.971
154.112
132.362
68.4675
46.4377
1.1782
43.5466
75.3224
90.6955
61.8
47.4755
62.7667
58.3475
22.3264
56.6121
52.8399
48.8221
10.5009
8.96343
51.2206
42.8517
62.0335
84.3522
106.673
29.7773
94.8064
41.7466
74.0106
57.2279
59.512
68.4236
70.5318
83.7327
46.4701
129.024
77.2623
70.4062
38.3507
68.8258
55.1566
92.7957
2.39233
110.178
47.5582
37.9544
27.5152
42.9171
81.3996
11.9215
33.5229
42.649
81.129
69.2026
24.7451
67.9251
69.2951
77.2464
19.678
75.0855
22.5945
54.255
67.7133
72.7758
60.9372
93.698
51.9339
68.6644
82.143
96.558
25.564
90.2608
89.7064
34.0667
140.049
71.8676
74.7931
59.6448
75.0836
47.1563
69.4012
81.2098
25.8172
26.3935
78.3161
50.2835
79.6709
58.4248
92.2697
55.8975
46.5314
3.38699
104.394
42.3288
85.2579
84.3234
39.4829
73.215
85.4848
94.1334
78.5357
49.9338
74.3173
80.2372
45.463
81.3773
88.6337
56.4484
76.1047
86.3019
5.92424
33.7313
56.8897
19.3824
65.9326
68.7797
78.8713
55.167
34.1249
102.516
77.5149
100.609
83.3113
2.57518
12.3299
71.4208
25.6958
81.8661
57.9025
73.3189
105.395
65.6729
3.39453
43.0505
31.6856
109.598
27.9354
93.4871
92.6688
23.9228
78.2636
44.9964
43.189
88.6791
25.9046
77.9724
77.3914
45.2167
23.9291
74.951
40.9119
58.7497
63.817
76.1035
13.6766
13.3859
63.2317
72.4156
14.9452
11.7681
88.9733
26.2234
86.6537
2.37703
4.99316
58.6828
2.21454
65.664
60.1597
76.872
14.855
98.8127
95.764
112.572
7.49368
16.7857
83.0734
47.0857
85.2185
19.3037
119.683
51.6906
89.8728
82.2797
120.349
71.998
98.9281
80.6614
5.60657
86.7447
79.2145
78.0088
11.0024
47.1254
60.0298
28.3733
20.2117
90.3953
62.5664
18.6741
2.79773
158.13
30.6978
90.4027
20.9607
64.8591
50.5021
47.6466
70.8868
6.66727
97.8498
61.0292
47.9684
103.057
11.2964
78.8102
66.785
26.4163
91.1115
49.4175
107.163
86.9577
74.2689
81.0691
52.8969
78.6558
69.7061
6.72687
68.4607
29.2398
29.4497
61.0024
56.2636
76.2347
34.827
63.9927
85.4626
45.2521
76.4307
76.3866
14.859
7.76695
76.4832
73.6069
6.02973
61.806
55.546
57.1843
82.4044
88.5299
99.0943
85.7895
2.44033
77.9105
97.4233
7.88695
47.717
8.18924
58.397
116.791
10.3818
79.3345
60.0013
49.6815
40.6459
97.785
54.9181
5.99892
11.7962
50.7756
80.5088
99.2954
0.708486
58.4324
47.36
108.656
96.9519
59.3592
57.3435
66.7659
42.7839
99.7331
51.0993
23.1273
60.1029
26.7104
75.5025
107.726
66.3082
20.41
73.9073
72.9167
31.9441
37.7169
64.6265
71.9061
88.0725
61.6479
51.1518
37.1184
74.9003
75.257
16.8114
73.9789
24.2152
7.31252
51.3491
76.6801
52.1244
21.0896
41.4503
4.92415
128.085
48.3654
47.9352
29.8211
66.5104
112.75
61.2536
55.4497
82.1838
30.9781
68.224
83.53
79.0816
70.5594
52.1378
84.2316
77.798
67.5516
79.1195
37.8238
18.3129
44.8621
35.6616
68.3963
25.4809
103.961
77.0102
74.7546
89.1898
71.1776
43.9251
91.6558
45.5685
11.0186
49.9346
63.9855
57.1222
59.297
97.6247
2.66947
97.2008
10.8841
67.1605
83.7519
26.6632
62.0493
16.7107
93.4331
112.009
38.0104
41.5881
68.7024
84.3937
31.8331
65.1079
41.2296
64.061
78.0695
56.3543
65.7484
67.9909
39.8187
23.3729
61.7388
12.5919
70.0455
8.97043
80.7409
101.289
69.1314
55.0531
104.12
41.2096
94.8578
68.5878
47.4081
83.7328
45.5536
65.3461
50.1283
79.241
112.029
91.7133
86.0624
72.3209
82.8295
50.8359
2.00741
84.194
0.686897
24.3788
26.6184
112.529
40.871
42.7552
58.2313
69.7108
32.4088
79.6625
92.1877
71.7882
86.4121
40.2382
71.2138
114.811
91.2933
92.852
66.0001
77.0941
24.7346
37.3299
96.943
83.3321
19.2035
67.4041
57.3548
4.27238
51.05
99.4461
43.8422
44.2064
40.0815
54.3771
27.5663
91.5286
78.5488
35.1155
69.4117
101.725
24.0241
47.1892
115.758
28.3052
91.9068
63.0629
37.5653
97.2399
92.8152
31.2408
93.8944
49.1141
2.44644
55.2173
92.6831
80.912
75.3446
31.0206
57.1723
43.9226
140.271
59.2291
47.5036
73.516
12.6516
14.0213
84.6962
78.2578
64.9764
101.143
77.4159
81.8793
55.196
64.4627
67.5206
62.317
47.439
75.4621
17.4953
81.0022
55.0075
38.0203
62.0797
92.449
31.0579
89.7058
24.3257
75.9885
7.67971
63.9695
87.8007
38.837
12.5815
68.3557
70.8234
91.8692
79.7088
72.5758
84.1708
69.714
27.2495
40.6555
79.8257
76.0442
48.8663
37.7041
83.2574
71.7014
89.4104
77.951
69.5143
82.7486
83.7543
74.6191
2.18992
36.3608
2.40244
46.8821
63.9054
86.3804
15.9333
56.338
57.7399
58.2137
15.5949
90.1586
2.75908
24.825
65.0748
56.7327
35.8256
10.674
95.5558
38.2308
74.3338
85.4234
58.2947
25.7745
6.77888
88.2324
62.0965
28.024
50.1363
142.146
100.905
13.3301
36.5803
63.2517
64.143
57.5984
83.2344
37.3455
56.3662
76.5827
65.9549
35.0231
46.5826
44.3431
92.1637
67.5424
87.7071
11.9272
117.867
63.9784
52.7878
105.136
79.1116
71.8051
24.7722
1.53342
84.0339
107.126
68.1141
57.2398
54.3355
19.3302
74.0199
41.0053
0.107441
3.68923
40.746
72.0508
52.4973
35.3346
48.2073
21.5404
15.9871
103.793
96.5732
120.96
82.5229
13.1396
52.7781
68.09
42.0721
7.20171
76.4028
44.1252
56.5622
7.92472
41.2475
0.68563
91.4095
47.5903
135.717
MET does not have solution even after MET smearing.
The solution is returned as if Delta was zero ...
89.4353
57.3504
105.752
53.2455
14.6153
0.391668
101.046
65.6199
5.06111
63.3759
53.7895
96.2681
49.5088
68.5694
94.6284
96.2799
107.22
46.4455
51.755
44.6473
107.724
31.6542
7.06982
77.0699
83.5946
99.6573
79.6647
103.905
51.5411
134.285
57.4046
95.9302
64.3724
86.1266
75.8204
17.5591
6.12672
73.2187
49.7232
60.8758
90.0067
14.9457
47.1812
28.6519
94.4203
80.7961
84.9465
0.182438
76.5539
48.8751
9.24556
87.8277
35.8039
54.2923
59.8895
110.641
79.8991
62.8564
59.9701
63.5037
82.6377
17.9104
45.2221
61.857
80.8021
64.5768
83.1235
71.9723
56.5919
85.57
18.6994
76.546
109.958
14.5109
98.3034
50.4486
16.9666
84.2928
82.5241
103.152
102.34
21.7908
5.56111
88.4876
13.3742
11.1701
66.5392
15.0573
68.0502
130.671
62.2216
65.0433
90.0182
19.3323
53.5457
66.0932
12.7125
71.6295
127.274
77.8402
45.1858
67.1664
61.7363
82.6884
47.8868
36.7682
55.0276
2.12152
102.391
83.8663
82.1126
55.1971
74.4008
52.4638
54.6409
79.4016
54.0278
46.5544
84.0231
0.21194
10.6726
43.8849
107.578
5.76576
74.2654
5.50511
51.9875
90.7682
86.1693
60.4773
25.2464
58.1831
84.8701
87.8758
74.8717
66.2757
90.956
62.5385
42.8978
80.3836
76.3339
64.6866
5.09986
47.3781
37.7853
115.123
79.2134
5.12198
71.8451
57.2392
49.0977
47.6766
65.4631
85.8797
9.6537
91.0019
76.8333
64.361
68.8767
107.952
81.5222
35.2359
43.4499
72.3087
60.7362
33.0109
69.5275
102.842
26.2705
77.4819
42.9393
82.7328
68.5253
16.895
21.7893
76.9356
69.703
86.5332
19.1119
20.1919
42.8356
13.2782
71.5408
12.1041
26.0035
79.513
64.7346
77.4881
84.2229
29.4066
133.035
45.6626
3.95514
64.22
116.064
47.852
69.5104
27.4592
40.6645
55.7918
63.0619
78.5629
43.1295
69.2834
63.9024
67.2831
75.4549
52.4322
51.7529
105.885
37.6122
93.3201
82.7564
4.98003
12.2563
79.9611
109.653
94.8076
95.4893
32.8458
39.7764
88.4316
51.3763
74.4593
85.3584
19.6166
21.9245
94.0653
55.8809
21.4421
94.295
17.1632
71.2645
45.3303
37.6107
39.416
74.4374
1.01765
49.9494
82.7687
56.3757
115.482
8.04371
61.2131
20.3397
55.872
41.9681
73.6103
61.8081
82.8273
68.3269
27.975
79.224
75.8755
65.3838
88.9703
89.0368
64.8928
49.2903
50.8531
64.1253
68.6854
47.0518
77.4068
37.526
75.7628
82.7621
82.8549
83.1519
4.29077
77.0267
31.8322
78.6358
124.988
75.3967
64.7984
58.2908
61.8852
87.4985
90.6425
74.5521
35.9503
26.4867
2.09315
3.73858
102.085
75.3822
47.4118
54.0604
66.8148
32.9237
81.5828
61.37
22.706
78.3183
28.2546
48.1254
14.7649
12.2258
40.5824
74.3373
70.2243
19.5491
44.9005
87.0499
88.9686
38.1127
75.7865
13.7717
59.5788
108.426
46.2908
30.1618
102.67
41.5762
103.208
120.449
85.5861
83.5963
78.1967
36.7454
80.0719
77.8614
77.981
41.3107
104.159
21.0159
20.4694
68.7868
17.9576
70.9015
101.318
104.024
67.5901
36.0775
60.7875
21.1268
81.0207
63.8658
41.9902
64.4233
82.1851
80.1767
41.0913
75.1081
60.6752
46.6717
50.8904
55.8775
40.6867
117.85
73.6836
52.8025
34.6891
67.4913
70.8396
45.1452
59.9265
71.7676
60.9605
56.94
19.1675
97.4441
31.8779
98.4514
82.7378
77.8228
47.7983
32.1775
37.6617
101.985
50.1958
81.9349
50.4936
82.9261
34.7478
82.8045
72.4956
70.5316
26.8285
89.9271
8.24943
73.133
82.326
54.2018
4.96819
86.7397
89.4585
96.8709
17.4375
65.6836
78.4679
78.4801
82.6419
63.9369
93.2451
63.3294
42.989
39.2139
102.065
62.3211
50.6926
83.5555
55.9524
83.9777
92.8087
78.7157
83.2244
77.244
30.0724
63.0375
80.0676
25.3014
78.172
69.8775
101.62
25.7592
5.39641
69.2035
69.6053
96.7992
62.4487
58.4444
8.85952
36.6659
53.502
66.9128
33.208
57.2043
61.9439
10.7878
47.604
33.7428
87.1446
110.574
95.588
3.6916
41.5301
7.9196
59.0632
30.9112
39.1847
81.1978
91.5377
50.9625
22.1916
45.0307
77.6893
42.9834
79.1595
74.7113
82.3749
120.853
73.9034
5.34853
80.4861
89.8982
81.6906
45.5544
60.7947
65.0971
46.3361
80.8049
45.9148
41.6273
76.5145
55.2334
74.5868
42.9333
61.2442
69.076
84.3398
33.2721
75.4466
37.1379
149.49
MET does not have solution even after MET smearing.
The solution is returned as if Delta was zero ...
193.551
MET does not have solution even after MET smearing.
The solution is returned as if Delta was zero ...
80.1725
54.8718
83.1514
55.4887
87.586
72.5265
43.2624
52.662
51.0821
25.8665
81.1251
104.561
448.026
MET does not have solution even after MET smearing.
The solution is returned as if Delta was zero ...
31.1563
88.3055
100.036
57.8947
75.9008
75.4586
17.6621
65.2544
65.7659
42.1395
77.2999
70.5849
68.1935
35.0191
80.1248
27.5841
112.499
64.9804
10.4917
73.0285
51.7233
85.6772
20.1168
61.8998
62.5916
68.3741
27.3642
76
83.7757
74.9282
80.835
30.4725
57.1376
9.09238
38.3311
63.5951
49.7425
67.336
15.4048
49.5185
13.6393
88.5368
55.5604
76.196
88.2256
1.85543
96.6475
60.1388
43.0773
77.463
70.9463
9.75405
91.6816
75.1872
35.6488
2.48182
56.9792
13.8152
98.5791
6.47649
68.2861
29.0816
63.5457
63.9069
89.6256
70.9092
94.2841
45.3322
55.1353
84.2929
13.0423
72.1919
84.3589
81.271
72.3502
54.5766
72.2511
95.6628
59.3546
62.2377
21.2433
29.4755
38.7293
77.5245
46.9847
24.0045
82.0513
29.4765
65.2212
63.9609
23.0978
83.9558
49.6864
21.8601
75.6559
64.2699
46.0166
50.5745
64.9277
31.3727
55.0815
39.0026
46.6695
94.0082
67.468
93.2812
75.0698
84.9137
105.593
69.5025
177.993
MET does not have solution even after MET smearing.
The solution is returned as if Delta was zero ...
26.69
61.8236
10.8852
68.2225
18.4799
75.5648
25.0083
40.1219
79.796
113.005
80.151
40.3871
97.7787
13.0193
53.3422
58.4876
66.4334
97.4791
83.7041
60.9469
39.7202
21.2226
98.7308
73.5559
83.3616
83.9597
116.674
10.8101
85.1925
62.4228
60.1333
91.7171
2.66238
142.135
60.0058
60.5991
86.9043
70.5306
89.5072
68.9762
55.3211
1.83487
62.1179
96.4019
83.4239
66.7476
21.1547
47.8806
78.7972
60.992
6.38722
30.4484
29.0147
63.9692
8.29962
79.087
80.6757
78.4263
23.1002
4.84712
42.6119
86.3698
86.2233
86.2157
59.1342
57.2518
129.385
83.3376
4.74242
15.8991
110.047
50.9668
59.5582
6.32724
73.1669
0.0553016
95.1529
87.0214
78.7371
94.2082
126.407
82.0777
66.1064
88.9665
104.922
10.8345
91.9946
54.628
55.3815
75.1426
36.705
77.9205
55.9397
40.7854
57.1935
89.8962
71.6892
54.9667
87.1007
35.0755
49.6295
62.9101
53.6718
2.81521
83.4629
65.8329
40.2838
28.2841
1.5944
49.0118
59.4307
29.6606
137.736
27.2748
85.0242
8.62103
39.5784
66.2728
72.6856
25.4282
89.3899
88.5196
72.9131
83.5994
15.4919
6.74669
76.639
72.4465
56.0266
56.8027
71.6923
28.5657
1.10381
49.0396
33.3195
90.7495
88.9373
61.4979
63.7315
39.4298
48.8189
50.9517
10.3505
58.7522
70.557
84.1458
83.0583
29.6593
44.9144
95.8932
95.0314
18.0741
15.9569
6.54832
53.1285
93.0151
84.3137
13.6529
122.857
68.0419
57.0645
90.5135
40.1116
75.8651
132.341
73.7491
111.352
34.497
93.2055
76.5795
21.1581
64.842
91.9432
70.2465
80.997
31.8235
98.9436
116.319
63.4589
26.4787
24.6398
40.1581
69.6143
82.8673
92.5708
43.3105
44.1016
55.4025
30.6298
27.6077
4.26339
80.3576
71.8117
67.7958
42.1755
87.4563
55.0765
45.9842
59.1224
35.7028
30.336
12.2418
43.1352
52.6253
12.2802
96.0965
50.013
74.9707
31.5305
47.0603
98.075
49.759
38.5821
42.0682
104.335
74.3292
24.3727
10.4915
56.4382
72.0825
115.766
86.5228
34.899
81.035
84.0219
55.6642
46.7703
63.1821
59.0693
84.7573
58.9163
20.3483
74.8943
37.5512
6.29906
87.3832
51.4092
102.06
85.2241
39.3131
77.0122
78.3982
85.891
131.308
7.6249
82.2328
49.8805
45.5366
45.4215
58.4865
50.4966
79.7375
43.5557
40.8629
99.8348
85.0881
66.8372
17.8646
6.769
56.567
24.4593
25.2118
67.8853
99.4893
48.4791
41.8185
49.0803
47.3701
87.9151
5.81195
57.247
70.749
75.9644
80.1373
53.4332
69.9751
59.0114
11.6364
45.0214
32.7741
99.8828
64.0195
5.33097
36.5632
64.4541
55.2487
64.097
93.4705
79.9306
41.261
83.2873
56.7064
73.4157
64.8142
53.338
59.2183
70.0946
117.539
49.8449
61.671
26.7788
42.2632
72.7731
63.2457
42.4516
97.3535
55.4263
52.2399
90.9028
17.1033
30.1203
30.8681
60.1573
115.275
89.4634
118.687
68.6895
51.0675
58.7961
19.9408
82.099
73.6022
64.2049
31.178
11.7227
103.672
22.1321
33.185
69.682
75.2236
46.0474
34.7003
45.3223
30.5197
19.7518
91.3708
59.5417
106.267
39.9566
28.2079
37.4394
127.065
82.085
42.3164
67.0868
88.9476
7.97362
56.7905
128.479
25.1361
18.8461
108.252
80.5075
25.5978
68.4459
56.944
50.5781
98.9356
56.0903
72.8604
8.1269
57.9216
88.6502
8.18083
30.7681
33.9368
15.2302
17.8544
72.1355
77.3448
45.2336
5.84368
52.2094
76.6824
66.4333
62.3136
89.7365
110.018
85.7927
55.7544
3.25661
0.664417
39.3331
32.6637
52.23
76.3872
85.6661
133.48
123.365
48.7194
62.7558
74.6546
134.388
4.9006
122.012
1.50245
104.765
40.5042
42.3332
26.5226
62.5685
52.8861
48.2372
8.9908
64.4789
63.1318
2.36948
17.929
24.1775
19.4729
95.7198
38.3359
8.91917
189.507
MET does not have solution even after MET smearing.
The solution is returned as if Delta was zero ...
36.2726
78.1985
44.1411
29.8976
67.037
7.70378
318.388
MET does not have solution even after MET smearing.
The solution is returned as if Delta was zero ...
34.442
132.776
34.8599
43.6528
70.491
48.9691
89.4371
77.7503
68.9099
114.935
20.7701
81.0441
73.7002
96.6606
70.8472
92.7136
50.2151
73.3278
74.1621
64.5866
115.024
51.3308
44.4258
63.3065
64.8861
50.8378
66.8553
80.4447
41.3412
49.6434
77.2788
57.5716
71.2681
62.4119
14.509
35.292
58.2451
83.4139
64.3006
76.7819
98.4654
8.1042
70.9085
120.155
15.618
117.794
53.0005
15.1844
0.384467
28.6756
27.0818
36.6158
64.0455
85.6145
39.5428
77.0332
95.0798
97.3253
51.1301
60.8418
163.516
47.5644
154.808
MET does not have solution even after MET smearing.
The solution is returned as if Delta was zero ...
14.2477
29.1554
20.1686
36.361
28.8141
6.33388
19.0753
53.6438
53.4094
53.2873
97.4628
65.2913
87.7013
49.7089
79.8234
37.5379
99.593
47.4388
72.4833
70.2247
84.3192
188.918
MET does not have solution even after MET smearing.
The solution is returned as if Delta was zero ...
75.944
42.2922
54.7884
39.4639
2.25194
57.7202
10.3115
54.0889
135.695
73.0054
11.3833
41.5447
117.247
13.3249
80.9939
54.787
13.7445
94.0082
48.7963
53.4149
41.408
79.0245
70.3728
100.083
57.1409
79.2905
82.3666
94.2779
54.1357
25.3876
14.897
81.2004
69.8425
104.996
102.129
59.8739
2.40663
57.1067
47.5169
40.0795
49.2792
50.6374
11.0014
118.514
66.5565
57.4896
34.4776
60.9015
26.7974
5.07611
47.0706
66.9312
before closing file input /home/nadjieh/work/samples/postMoriond/Aug2013/WZ.root
before endjob
