**************************
SYSTEMATIC SITUATION: 
**************************
JERUP SYST
**************************
file number 1: ~/work/samples/postMoriond/Aug2013/WZ.root
I am in tree = 0
inDirect
treeName: WZ_2J_1T_JERUp
WZ_2J_1T_JERUp	0x155c130
0x155c130 tree afterward
WZ_2J_1T_JERUp
6513
88.7759
66.6935
79.237
19.1584
45.2457
11.1804
72.6959
106.507
80.0383
77.9792
105.023
63.8015
52.2815
41.3763
68.6822
19.795
67.3396
76.1586
81.9698
30.1845
78.3334
56.2317
127.237
82.3446
79.7316
35.9958
24.2067
58.465
86.6633
82.6765
104.235
67.1599
81.0614
51.2982
115.043
70.6523
13.5592
72.7265
76.4083
101.823
102.177
33.714
3.67444
18.1514
106.046
66.8305
24.8571
62.6518
76.6478
67.773
47.3276
55.0674
45.2545
96.3612
66.791
37.7753
70.2201
110.16
38.3303
92.3429
114.961
41.5805
28.9737
65.0224
98.1246
46.8066
91.1789
62.9926
99.5754
146.645
MET does not have solution even after MET smearing.
The solution is returned as if Delta was zero ...
17.6231
149.929
43.2461
61.1694
54.3637
103.769
24.883
10.2642
72.2429
107.098
28.6203
15.5456
6.29528
71.7552
70.3748
98.2052
78.3106
82.0458
29.1573
59.5969
43.6169
32.3306
98.2392
24.1062
81.3429
20.3301
31.5147
67.1474
10.4009
4.37349
95.3785
84.7832
55.7132
72.389
78.183
99.2102
41.8346
90.6314
22.0315
1.20408
90.294
67.694
117.11
71.4035
10.5601
116.349
59.6657
57.7308
68.6411
56.6136
73.0281
76.5768
68.62
30.6324
47.9651
90.641
45.7209
7.33061
29.6821
58.6423
84.1342
70.5526
102.618
106.195
40.002
5.4864
84.6494
13.6514
57.5496
76.7013
15.469
86.4233
70.8899
18.2366
44.5206
28.2563
97.0064
91.9675
93.158
58.5219
99.0344
70.2523
57.1012
90.2417
72.0364
90.1762
91.4782
51.4707
44.7377
54.7188
34.8491
80.4564
83.7106
71.0022
77.8028
88.9956
60.5107
27.8695
83.8056
93.5185
82.8404
11.5491
82.069
50.1062
74.0777
50.7206
51.3001
39.9526
4.9699
61.5818
23.7884
97.2104
92.9115
8.11628
87.2432
72.339
77.1194
87.0522
54.7094
6.83742
84.4512
106.731
127.863
MET does not have solution even after MET smearing.
The solution is returned as if Delta was zero ...
50.7363
89.8055
48.3891
88.3202
83.5658
22.2073
29.457
54.3501
45.6397
44.5021
147.961
112.464
56.6831
77.1396
52.2614
3.68845
125.373
MET does not have solution even after MET smearing.
The solution is returned as if Delta was zero ...
66.0135
27.3515
199.287
MET does not have solution even after MET smearing.
The solution is returned as if Delta was zero ...
79.3371
94.0067
94.2779
17.2933
92.9192
60.8109
35.212
86.6063
53.649
69.2835
69.6357
105.536
37.6359
71.8327
85.5644
45.8503
75.6967
58.7731
108.938
38.9112
66.5375
47.4656
69.8047
61.1145
56.4648
82.9478
31.3001
47.4865
29.4955
48.2298
57.1151
39.6343
109.923
93.1413
8.1707
66.8041
53.3902
76.5509
2.70654
72.4467
107.109
63.5958
29.711
98.2051
37.4323
58.982
29.3882
15.456
75.4745
35.8244
58.9663
82.176
1.02835
65.4205
0.0126211
76.5732
104.707
19.5603
22.3733
82.2799
56.5839
102.531
11.0639
76.0156
72.5476
64.7744
10.779
25.8367
77.3223
48.9064
68.4063
49.0555
64.3958
56.541
14.0859
79.1104
87.758
50.6324
39.3826
106.442
103.71
19.9079
30.9996
64.8946
51.7011
73.065
55.9595
69.2862
9.84288
73.3472
48.36
14.1395
74.7224
65.8193
42.5787
86.61
46.1546
62.8685
94.6896
78.7515
47.1504
67.3651
45.2266
52.6176
60.7612
43.0559
122.247
2.76984
40.3809
29.8053
73.8855
34.8491
78.2992
19.9524
76.015
6.99172
90.0086
61.2862
30.4232
22.9102
21.1353
38.6794
88.8646
99.8075
97.5326
48.2884
113.283
90.9023
35.8077
92.7179
26.1349
86.1498
3.26422
79.1572
64.2142
70.6458
66.6108
43.7764
94.7866
49.018
55.3002
83.2224
55.1563
91.9208
92.5083
86.5568
127.096
0.972225
34.4577
77.2842
74.1132
17.8083
91.5368
45.9442
86.7844
3.09333
76.3475
75.9186
13.4356
94.9729
18.0611
23.23
39.8106
65.8632
118.117
49.4078
43.4771
70.7665
41.0551
57.3761
18.2823
14.6959
74.0888
82.2576
111.849
55.9828
63.6458
72.5481
2.49587
74.8122
59.2662
59.5163
61.7767
85.0654
84.6778
49.7516
79.1233
2.93915
73.9107
19.7558
60.7065
88.8606
43.7247
95.4794
74.8123
5.13814
55.8647
27.9369
127.521
98.7196
66.5551
69.0081
38.2431
83.2093
15.484
34.8119
96.2372
134.185
MET does not have solution even after MET smearing.
The solution is returned as if Delta was zero ...
96.3676
16.5323
62.3526
23.0398
52.7152
86.007
67.5623
72.9999
82.6261
66.6968
102.543
41.5327
33.2044
72.9176
86.8291
65.1012
45.2334
106.47
76.533
82.7394
58.3107
6.01465
75.5633
86.657
74.965
28.7564
108.286
58.0458
75.8982
70.7881
99.8425
24.7514
82.6866
22.4284
74.204
35.8981
48.4164
16.8436
52.1792
49.5102
50.5915
67.8674
81.5795
86.6622
3.82917
68.1086
73.5351
75.0846
48.0001
76.5651
111.81
53.6153
45.2092
72.2185
60.0908
86.6884
68.2528
85.3985
58.0879
14.3137
3.75557
63.5134
48.3556
11.9865
26.6136
88.7863
80.8999
40.8669
88.3187
86.4564
96.1078
41.3756
73.2712
45.1971
22.9562
48.9377
52.1625
31.993
22.1077
46.0147
50.3519
48.4657
83.7829
68.3681
78.6678
80.7652
64.3657
66.3693
200.945
MET does not have solution even after MET smearing.
The solution is returned as if Delta was zero ...
2.40988
121.136
57.4935
64.9377
91.7341
9.15525
71.3532
47.8074
66.8771
46.0828
72.0296
89.9132
28.7035
58.0811
59.8433
86.3018
72.4151
32.3945
2.50782
65.9665
70.2634
12.78
47.7833
75.4291
95.3849
84.0545
28.4143
66.477
93.2257
72.7489
33.9167
70.3324
1.1201
42.9315
70.7564
75.3443
194.625
MET does not have solution even after MET smearing.
The solution is returned as if Delta was zero ...
54.9159
73.1138
112.514
76.8018
143.508
55.2473
158.61
MET does not have solution even after MET smearing.
The solution is returned as if Delta was zero ...
2.30095
88.4273
108.669
68.3309
71.4885
99.4654
27.1371
72.4458
114.923
89.5033
79.1037
46.9742
59.3202
72.7577
74.7137
29.2093
49.0062
78.6951
68.8511
50.9432
65.3985
78.9952
112.324
124.175
83.2807
51.7665
94.4634
39.6323
100.068
95.1663
51.5719
8.659
82.5224
61.2433
71.3798
165.204
19.873
8.48441
55.1168
43.6121
69.5179
11.8556
42.9783
35.7721
36.4993
38.2157
88.7676
95.0025
31.5579
75.6968
23.6178
98.1674
9.14862
74.9028
53.2017
20.1609
49.8571
72.8323
18.096
67.5309
38.6936
82.0762
41.8382
38.6067
74.1324
127.927
MET does not have solution even after MET smearing.
The solution is returned as if Delta was zero ...
89.5163
38.4076
107.778
58.6788
0.206895
85.6473
51.1707
29.8873
84.6841
62.1261
91.4406
51.8378
73.4383
52.1405
75.3219
66.0188
44.6083
71.1037
22.7238
66.2586
70.4368
82.3782
10.8454
74.1355
102.141
27.6315
65.2138
58.8139
0.855856
4.85781
24.6292
48.4354
94.8003
16.0634
3.01545
113.396
191.527
MET does not have solution even after MET smearing.
The solution is returned as if Delta was zero ...
72.5128
55.6786
176.622
15.9732
89.1361
98.9292
9.57115
79.7426
61.4796
74.7179
147.365
MET does not have solution even after MET smearing.
The solution is returned as if Delta was zero ...
27.148
40.5312
60.8065
77.5775
67.507
0.0813834
6.68157
7.16609
79.0362
64.259
53.8094
40.5907
76.0119
89.5704
86.4805
82.1379
90.3445
101.551
4.15988
55.2893
32.2261
85.5977
71.4894
52.225
45.3835
40.4374
66.8108
91.1317
74.5014
49.7632
79.5885
54.9737
69.3625
81.6028
83.1331
80.2797
29.554
0.784906
79.4259
50.1784
60.4906
90.985
41.9299
49.9467
93.9711
31.9599
67.1443
76.8343
131.672
113.461
12.1496
26.7238
76.0277
32.3042
28.987
32.4344
26.1799
76.7441
84.5321
11.4933
50.576
82.6858
51.8907
62.3356
6.63798
112.713
45.9963
46.2766
36.6422
89.3276
93.132
88.5493
49.9358
46.3123
97.9632
42.1683
45.7921
50.891
83.2939
67.7194
57.1158
81.3366
75.7925
10.1674
26.2314
91.8329
96.2711
40.9299
45.9947
69.1355
93.1377
26.1491
95.0512
89.4888
78.2837
15.9673
81.7883
85.7322
58.2579
88.1485
90.0414
42.5133
77.8762
93.2132
51.6055
50.8095
72.2859
47.9299
79.5458
108.422
56.3532
24.4599
5.64142
148.772
MET does not have solution even after MET smearing.
The solution is returned as if Delta was zero ...
22.7598
96.0438
18.6209
2.86016
57.6185
61.1106
65.8108
71.2051
5.52005
79.8041
17.4754
74.3564
69.7519
93.796
78.8142
145.666
127.544
47.8553
27.7704
46.6978
76.0068
73.1548
18.9143
60.2006
87.7215
38.2614
84.0388
77.4755
134.6
74.1968
30.6276
50.9474
103.175
37.7713
25.5506
41.1067
39.2738
29.8379
8.98275
84.7272
94.586
54.3527
73.6698
35.1895
64.2248
71.3022
36.0652
60.7668
73.8825
74.6896
62.6725
93.1684
76.4795
15.5963
117.209
88.0863
77.9612
86.3816
47.2867
69.7325
90.7433
7.35298
68.3956
47.1562
59.742
64.1153
124.111
24.3834
66.3544
81.0481
83.7956
73.7201
94.1317
66.6509
24.0762
91.3277
72.1836
37.8795
46.7161
67.4528
55.1517
40.02
34.0829
46.0357
76.921
89.0065
95.2934
0.400039
56.5775
81.9193
4.30842
1.92039
61.9994
59.3919
65.1949
79.3524
17.1114
49.6546
64.7052
67.1864
55.1097
10.9809
77.9631
43.7167
17.3627
86.703
84.7962
21.0037
10.686
57.1778
51.8719
46.6378
56.0342
52.0299
74.7084
70.3829
76.3345
103.526
13.7793
112.22
77.9353
31.7684
37.6363
55.9738
87.8832
94.4828
80.4383
79.3633
73.7622
62.3531
69.9261
104.766
85.7802
68.8708
84.5766
73.4068
30.5306
59.4774
115.87
46.5951
109.427
84.6676
80.6694
72.8728
72.7124
111.035
80.4522
101.849
85.3697
80.6326
19.4156
63.468
81.5296
50.5688
55.7958
74.3366
71.7108
27.7281
78.2652
1.67564
43.984
104.556
57.7363
42.6393
15.812
40.0253
47.245
72.2217
58.6498
45.1457
87.4352
91.4882
13.2252
37.4766
20.0258
81.7161
51.3602
5.03906
69.1491
95.9904
26.626
71.0612
57.9116
74.8243
68.4338
68.6549
96.298
37.2016
95.1283
86.9706
82.9829
96.8694
66.0164
112.135
8.76924
85.4793
84.2037
46.2473
73.6676
75.9421
40.8733
63.9926
93.9143
67.1851
57.7034
45.1381
41.6127
58.0784
78.0857
12.8007
40.8384
81.7688
51.284
44.6696
89.5092
0.0559447
111.386
69.6415
70.8925
97.5346
9.52704
22.5071
49.7101
61.4035
78.5199
46.0657
58.0226
79.6195
51.1289
22.1916
97.8656
38.109
65.7872
90.5641
80.3962
95.0924
61.905
152.753
MET does not have solution even after MET smearing.
The solution is returned as if Delta was zero ...
84.0341
46.6693
16.2808
116.895
21.9249
25.0525
15.6074
21.8169
68.3562
68.4544
35.7539
82.6224
8.49836
97.0215
3.49071
121.57
1.76646
75.313
73.7862
119.506
61.4262
18.2626
85.9791
19.0792
158.571
MET does not have solution even after MET smearing.
The solution is returned as if Delta was zero ...
31.1824
71.2526
128.492
61.7859
84.5798
18.3304
94.5778
108.229
93.2659
45.6706
100.381
95.7325
3.39657
63.784
44.3647
35.8723
26.7406
100.025
48.8054
62.5774
73.9823
72.2852
68.1531
27.0636
76.5025
86.7846
84.6582
105.154
80.3535
56.0446
7.31021
115.346
79.408
53.8654
46.4857
78.0044
68.4123
74.6241
78.0093
47.6701
85.9701
52.2813
25.4069
10.8047
25.2624
22.0649
99.5041
19.8314
83.0997
76.4251
45.2663
46.9926
87.9054
18.503
51.4423
50.3636
10.0121
18.1344
83.2607
10.2542
89.968
169.275
MET does not have solution even after MET smearing.
The solution is returned as if Delta was zero ...
119.343
112.585
68.9646
34.0578
92.3944
75.1401
128.444
105.493
70.3876
20.2636
101.146
50.8999
61.7686
61.7384
87.6054
107.483
99.2235
80.506
55.5903
75.4836
83.5408
38.6258
84.513
38.8325
65.9759
15.583
5.98442
81.1933
72.3564
78.5735
105.02
74.9728
78.6418
27.8309
94.7159
48.5063
99.0794
77.9212
97.897
39.3719
20.978
32.0426
77.2655
69.2804
43.2384
77.2248
89.7524
89.3637
143.732
68.5607
74.171
75.7234
77.2108
6.31515
4.77302
96.4332
22.2288
64.6867
89.4846
49.5689
85.9308
97.5596
97.4949
36.6845
74.4317
59.0182
94.0462
112.966
57.8278
39.0336
126.913
70.8475
105.428
64.2564
58.5703
65.7751
88.4607
16.6409
111.599
53.1914
76.8838
31.109
127.269
MET does not have solution even after MET smearing.
The solution is returned as if Delta was zero ...
72.5216
67.3437
77.0554
47.6874
13.4426
64.367
51.8749
104.045
75.8074
64.1571
70.8742
89.5432
27.7163
67.5785
77.5987
98.3457
29.1129
82.993
72.71
31.1221
76.9352
3.09883
47.1261
41.1774
78.735
35.682
39.557
19.5203
18.2364
94.2699
56.5216
1.37075
53.5379
73.8493
34.0718
12.2047
69.2012
79.782
52.1106
56.4289
55.9115
83.4878
91.1127
40.908
84.2046
40.6154
68.0699
36.7872
63.4059
109.849
65.8299
82.5097
41.6756
44.5842
23.4913
35.0597
65.5683
102.194
34.9357
69.4644
100.13
101.849
83.6225
52.238
3.7614
109.911
59.0145
75.1779
68.4685
145.748
MET does not have solution even after MET smearing.
The solution is returned as if Delta was zero ...
78.4201
63.1753
70.4906
76.0638
1.79941
101.785
80.824
88.9847
21.9575
38.6691
37.0298
57.8184
95.2821
61.913
57.1721
86.447
108.066
59.6083
9.81635
79.0627
70.4185
122.738
95.1406
82.7388
124.732
43.2829
74.6697
153.832
MET does not have solution even after MET smearing.
The solution is returned as if Delta was zero ...
103.381
35.3055
28.4662
9.59102
51.835
121.685
74.8972
44.3046
64.534
46.7889
19.1686
69.749
70.4065
39.6141
66.3478
25.6517
105.208
54.3162
77.9804
5.62635
4.86476
86.4554
78.4657
28.9633
10.878
106.359
41.319
103.932
86.7282
79.6827
81.3887
30.8563
19.5073
132.046
69.0318
65.4059
124.766
86.5988
76.872
44.9636
23.0041
10.6629
75.7082
85.5061
64.6425
83.5928
32.23
126.535
19.1957
89.5327
95.7448
33.7614
95.7593
54.8442
65.6315
48.1822
86.8473
7.08409
56.7661
66.7498
30.2891
62.7695
65.7311
53.7382
75.8652
12.493
47.9827
24.7702
35.0069
53.2
75.5576
89.5969
39.6597
53.1752
82.1315
46.4277
70.1315
106.091
92.4526
74.2291
47.3747
75.5173
67.0925
62.6504
28.9111
20.1879
49.3772
56.3811
85.5676
0.758252
81.4121
84.089
115.381
53.4249
70.6976
67.404
55.5233
75.2444
55.6554
75.6012
56.9714
90.2214
49.6616
74.1085
82.5919
74.9197
74.7952
57.3964
96.7685
44.6231
69.9024
43.7115
74.2105
5.91984
87.9538
70.3279
27.6462
69.86
68.2102
43.3119
46.5279
110.708
61.3638
84.4206
16.4614
58.5638
90.6948
79.1814
54.9528
115.483
60.4142
73.144
88.8398
69.2597
0.683711
12.7604
6.40072
87.2906
68.4335
55.5801
42.4465
11.8714
25.2101
23.0203
77.7086
63.6394
144.355
44.3827
55.8549
23.1799
108.872
77.9152
62.9611
89.5377
61.276
80.16
85.8228
84.5469
23.0442
71.505
72.4688
17.8585
32.4639
57.1389
9.93261
125.588
17.2334
62.9885
84.7401
31.6234
20.177
47.1225
73.1897
45.5433
86.4308
120.031
70.5933
41.4153
61.2691
61.6042
15.3865
52.5192
80.1919
30.8116
64.6927
69.7002
63.0809
50.0052
97.6576
86.169
33.3898
27.5753
123.566
67.5956
12.3432
59.0502
61.7339
76.9542
39.4398
96.059
75.8915
78.1294
45.6753
56.6192
72.3391
33.6943
40.1947
80.1527
91.4367
67.2969
0.733595
30.0299
71.4277
19.1387
14.7296
112.552
63.5186
70.5478
50.7438
57.1671
89.6969
106.737
60.8751
8.2493
61.9156
31.793
35.5643
31.456
9.83153
36.6061
81.1569
86.6769
108.532
46.3205
46.9214
40.2999
37.9284
32.9098
81.4784
86.2352
32.1498
62.2168
79.0815
79.1961
89.6221
47.5938
52.1263
59.3822
28.8569
2.36954
35.8984
67.5149
43.8517
54.0111
84.6819
18.2359
81.1329
12.387
68.6826
33.1506
104.081
90.4597
116.171
68.1591
102.794
106.926
56.2246
81.9965
50.2068
79.6052
94.7231
31.8986
117.224
64.6309
63.5728
39.219
42.6772
77.2304
45.0796
29.8977
62.7055
2.00984
62.5756
79.0808
100.66
51.2365
1.38761
98.0769
43.2797
98.3128
10.9617
54.7753
63.401
80.3274
143.484
65.4561
111.762
105.014
1.47238
11.5193
77.17
59.0709
32.4527
87.5753
52.617
52.2411
11.2648
71.1256
40.3717
87.1057
1.68042
89.8213
79.4469
132.477
86.7796
35.5768
84.6841
11.8936
77.8743
60.8321
113.598
62.6456
35.9657
96.513
59.8447
42.5632
83.3624
27.4454
81.7658
75.016
21.3432
71.8569
48.9543
59.8736
54.5579
9.90438
96.5327
26.0972
59.6601
5.32564
28.0837
34.5087
34.2332
36.5354
39.6976
77.9761
69.9211
70.4782
45.4736
46.4386
50.9869
114.394
78.2191
47.0533
36.2544
80.2147
76.2375
0.287429
34.6848
44.4835
80.1058
78.247
95.9409
40.7434
88.036
0.33031
52.4185
76.5308
52.8581
64.1389
53.916
80.845
53.0665
59.9757
54.957
16.2824
34.4462
50.9925
92.1858
57.8125
59.5834
92.4696
37.2062
26.3397
61.9709
155.252
48.2699
4.48665
84.1704
71.5275
45.4322
22.8608
77.0815
94.5231
78.9984
77.8028
12.206
84.9912
32.0347
50.724
62.5781
96.3158
26.8853
18.686
19.9944
82.9014
4.76993
58.4196
57.5
73.6075
48.6672
75.093
87.2342
103.284
42.8283
26.3026
33.5005
72.7901
62.4451
12.677
127.098
70.3303
88.3796
88.8282
22.0778
32.704
66.2156
16.5602
45.6743
85.3374
44.6048
43.1973
97.2315
40.1801
64.6118
80.8676
3.97413
64.9185
53.2463
136.162
80.5493
22.1696
14.2502
27.2373
79.9003
21.5612
62.9885
83.6876
85.6078
96.7178
43.213
71.6383
143.224
MET does not have solution even after MET smearing.
The solution is returned as if Delta was zero ...
110.922
85.4992
71.3525
77.5987
44.5894
65.7493
100.253
86.365
28.9723
66.0946
62.6488
74.2223
95.7556
38.0991
26.9226
43.3803
25.3918
78.6345
52.0971
70.2187
85.5237
76.059
158.479
87.2785
82.8227
65.2018
47.1207
59.5811
51.3877
37.1366
49.9465
12.5976
39.7043
67.0718
50.0115
27.385
36.4409
65.1992
26.7534
43.3705
77.7742
107.019
34.5793
62.0812
16.8318
88.9468
76.4471
18.21
16.3661
5.05001
49.7217
28.3476
64.8325
90.6713
72.4285
17.6529
151.708
70.4356
75.8855
81.3666
76.0774
37.5898
60.1441
48.6948
23.0318
42.7755
73.9531
73.6989
71.5879
88.1386
25.4143
157.589
47.6995
21.4647
62.9475
103.692
42.7717
6.54386
35.1273
87.2952
19.7763
35.9714
4.81193
34.8403
42.481
11.0781
69.7837
98.0259
18.9717
78.3365
77.9094
63.1194
54.6611
26.2812
69.963
17.0136
94.3834
71.7432
32.665
94.1756
41.0001
57.5446
75.7957
78.3306
75.6622
10.6229
89.5735
78.2476
48.4048
12.672
21.9358
88.0469
91.3784
69.9884
10.2158
59.1866
16.5285
46.3778
78.7597
50.0328
24.1257
4.08735
69.548
27.666
76.1024
81.6986
145.002
90.0778
10.5114
53.4101
80.8298
87.7924
44.3728
44.209
63.1117
85.9358
67.3742
50.8621
38.7747
45.6966
86.3176
53.0469
74.8394
142.274
MET does not have solution even after MET smearing.
The solution is returned as if Delta was zero ...
41.4345
55.0093
34.587
27.893
41.4056
39.004
26.9134
102.102
31.8616
94.3124
34.251
47.7153
67.7349
85.9344
65.6368
40.4609
42.6961
44.8633
42.2238
74.9102
45.5968
89.6614
27.2107
13.7818
46.1423
64.8339
91.9358
87.2754
97.235
96.7691
30.4462
53.4681
97.4308
116.55
60.8877
65.4399
85.2265
82.4629
40.7116
65.2278
99.4002
92.2929
54.1842
44.6539
3.51002
70.4969
72.3385
10.5475
78.8635
81.722
55.3436
47.3762
61.4498
86.9305
73.0397
65.1477
0.40955
50.8089
25.8052
48.5928
47.38
68.6328
57.8424
81.4284
48.2685
67.6636
46.1257
60.8559
165.945
4.25207
91.9594
103.283
117.874
45.6515
110.499
67.0886
47.1567
75.8574
48.082
104.974
72.271
75.2888
73.1177
81.0224
74.8496
43.3878
94.8141
0.304481
56.3902
72.9412
76.6819
16.1004
26.1668
39.813
65.9197
45.4837
38.304
30.831
9.86436
64.3229
68.5521
82.727
58.4114
13.6986
72.8077
105.73
64.6496
67.2552
31.406
29.2525
43.0454
29.9953
66.3793
92.3839
84.8706
46.3771
58.9266
24.7022
97.1367
97.3839
16.0959
91.0134
104.387
68.1617
99.023
78.3636
4.49551
48.0543
74.1924
100.888
51.5173
134.408
47.9549
59.83
72.1091
24.3606
104.891
66.3583
85.7974
109.474
130.801
1.25304
87.4409
6.56972
90.7361
95.5859
55.8107
108.99
85.7396
37.5507
24.071
71.3858
21.1535
8.93544
107.207
83.0822
51.1822
83.3997
9.90193
57.626
17.8122
67.8975
52.8886
72.5807
83.0284
13.0732
76.0744
43.5048
28.4129
84.9333
77.2227
67.6938
36.0914
50.1264
46.2955
52.2213
76.8939
84.0488
54.7476
37.1346
5.54006
14.8542
28.6895
84.0775
65.4519
70.0154
61.3537
35.3534
11.2005
65.6505
15.6723
63.033
92.2291
38.5619
30.9956
56.8309
4.64206
121.344
18.1768
15.8709
17.4148
85.4704
132.332
MET does not have solution even after MET smearing.
The solution is returned as if Delta was zero ...
43.5144
57.3114
44.9985
58.2243
74.7357
78.1343
88.2625
75.5609
33.7024
20.2948
52.3608
74.2589
80.264
96.2892
105.705
44.0975
75.926
94.5373
26.5135
111.544
56.6163
1.66347
87.5524
35.6267
26.9579
80.6768
70.9865
50.2755
12.6303
47.2688
31.8312
60.9251
66.5413
58.5826
22.8691
20.9307
36.8717
82.7698
68.4788
76.2518
36.696
91.3884
4.97416
85.731
25.5607
86.042
59.2721
69.8502
80.9884
37.803
82.4141
91.7711
57.3984
68.3066
66.4
10.8001
77.3255
56.3312
24.1616
65.5574
13.6453
63.4371
12.0695
113.634
60.5892
40.223
70.2262
70.0519
48.1939
29.8435
84.4719
46.4522
48.4533
56.9233
39.4877
9.29678
36.2373
62.5732
87.5113
118.174
0.996145
6.0934
34.3211
76.0427
64.8417
15.3719
33.9865
40.9609
101.687
89.3505
53.4304
53.9771
54.2376
104.959
96.6163
89.685
76.2405
61.3638
53.251
70.3583
90.3034
70.7689
33.9
88.9885
32.7385
52.8093
98.1
44.9536
85.1323
104.46
62.2443
21.3826
61.4255
23.9164
82.6946
49.753
12.3713
11.375
35.7246
11.5081
101.4
105.867
46.416
55.0083
88.3501
6.79027
6.25873
79.27
68.5441
78.2255
78.7267
87.6027
24.4487
54.428
2.73346
67.2293
50.7608
34.027
2.65839
43.6661
8.51203
101.334
58.5781
84.2098
11.4895
52.5909
79.4957
47.682
86.6593
80.0356
94.1857
15.3269
43.3203
52.1076
28.0221
65.0789
46.8723
76.2254
100.91
144.057
85.5525
12.9736
89.2637
55.5479
76.8265
47.1421
63.3912
129.248
70.2844
65.9323
44.7687
27.9431
72.1578
89.808
22.6858
18.4872
68.4879
108.547
69.1777
89.7571
66.7301
104.561
20.5243
48.9793
141.601
MET does not have solution even after MET smearing.
The solution is returned as if Delta was zero ...
54.0363
4.56889
78.7993
44.2552
46.265
91.8182
81.7622
83.1527
72.544
20.6539
85.0979
23.0187
22.0253
47.4094
87.3578
114.064
70.9337
68.7441
69.4802
39.3613
107.824
53.3181
71.9425
92.5278
114.31
69.8568
79.0946
80.055
67.5557
78.1502
56.8501
138.669
57.2274
127.358
83.6294
116.956
33.9483
82.1604
90.2611
3.91131
77.9679
96.94
46.4679
86.1328
114.123
19.0516
42.0352
40.2689
73.1185
60.5068
18.7021
72.0799
69.1904
73.6403
55.9977
17.442
74.6082
72.2087
84.9269
29.3292
78.4989
54.5635
88.1079
49.8658
63.9709
48.5347
22.9715
92.0542
64.1018
47.5552
39.2798
66.4285
0.498375
79.4009
80.438
59.5562
7.47148
10.3039
37.3178
65.7931
24.4528
8.27651
69.622
32.3079
80.782
45.258
71.3727
98.3465
102.025
127.145
82.9017
59.3434
79.4833
77.8696
66.6105
10.9914
89.8213
73.5115
8.90717
22.6053
80.6978
110.725
34.5099
86.6872
62.6529
3.56988
114.595
69.8909
51.0053
83.1127
19.228
92.8727
72.8908
50.2578
68.7709
44.7014
57.9255
68.1584
80.7882
20.9857
40.7878
64.0938
78.1535
19.0624
27.4088
55.8103
70.0106
68.4245
103.279
72.4942
1.81809
29.3552
99.4137
73.3937
76.2637
31.5888
79.7551
67.9482
22.0602
84.756
32.9022
51.1988
65.859
48.286
86.3455
76.474
56.0933
72.0352
72.1826
30.9993
88.1707
53.5202
71.1186
10.9514
30.3797
13.0703
66.9466
55.3244
119.135
31.175
77.9561
4.69366
25.85
56.244
31.3781
86.2974
70.5954
11.4566
25.3624
83.5841
58.843
2.385
59.964
40.8637
61.0322
78.9247
7.42126
4.82571
48.9104
51.098
64.5233
58.262
39.0063
66.989
22.3964
93.2876
78.6489
91.4494
72.3783
82.6341
48.6334
74.784
59.146
0.269887
44.5404
10.3301
109.754
105.379
79.2897
73.8315
16.4801
37.8374
13.1679
47.786
48.3284
25.5268
33.4864
2.68364
3.41019
8.11928
83.5778
7.81192
76.371
82.5865
2.93218
1.93776
38.2328
97.2063
18.4199
73.7082
15.6891
66.3178
84.7559
48.7768
56.7825
21.1778
41.7952
73.7559
27.2034
111.484
103.202
78.1037
94.4741
96.1376
73.2869
13.7255
56.1804
52.4993
133.707
87.9828
71.2349
59.9613
96.9777
11.1434
60.3742
77.6018
80.4062
86.3194
68.7347
65.9618
50.137
74.1968
29.254
70.0248
29.7764
94.6206
73.5247
100.635
54.7626
107.762
56.949
79.9117
70.2235
69.3507
47.8307
51.8089
87.2398
22.0037
39.551
65.5723
69.0578
95.5514
70.8552
22.4424
25.3411
17.7219
102.575
54.7703
27.32
88.3976
8.6273
89.2105
22.5801
36.2575
23.6858
71.507
114.338
77.2597
59.6505
77.7583
124.024
17.4627
54.9024
23.1342
8.23022
65.3501
88.2623
77.5666
4.28861
59.8747
14.9309
23.24
27.0739
73.4922
64.5586
47.553
62.3661
28.3443
32.3708
90.6719
82.237
18.4951
91.1044
142.452
49.1392
12.5938
90.1463
71.082
49.3336
19.3558
60.4973
42.6441
62.2911
86.4882
136.545
56.8396
37.0063
62.5331
7.67421
52.3765
39.4541
119.145
61.8569
58.1214
49.317
138.012
MET does not have solution even after MET smearing.
The solution is returned as if Delta was zero ...
77.4978
38.2556
29.3807
70.3746
54.5118
31.0024
4.7099
323.498
MET does not have solution even after MET smearing.
The solution is returned as if Delta was zero ...
73.588
4.82456
70.2202
77.6581
33.5481
52.5922
86.9445
81.1286
6.19209
92.0967
57.0618
22.4816
45.9278
98.5176
78.2085
66.6394
26.0511
28.6647
17.051
70.7821
67.4246
87.0418
57.3641
90.5964
91.4001
83.5232
13.7076
92.8981
58.4594
79.1782
63.5504
17.9447
58.8772
97.3397
121.067
17.7592
59.8576
63.6212
146.337
70.4574
63.528
77.1418
81.7313
28.392
135.167
MET does not have solution even after MET smearing.
The solution is returned as if Delta was zero ...
88.6607
9.29346
84.1024
73.064
83.4874
55.7339
43.9333
83.9955
83.8545
72.6587
65.7689
81.288
36.0187
3.56911
35.1466
40.9706
76.9111
37.4948
55.9432
39.6909
28.0713
71.6696
85.1865
62.8753
50.0207
26.7706
69.585
4.22677
67.5558
77.086
87.3799
96.5701
70.0605
9.86588
58.8169
115.331
98.9481
135.095
71.507
47.6483
82.0847
70.1591
78.77
79.4024
66.6143
95.8556
79.969
127.437
57.5078
91.5555
79.2801
76.3244
68.2928
70.8784
76.8994
78.9617
53.4768
95.6221
72.1707
89.2827
127.165
69.2085
39.8031
101.498
89.5378
87.4513
89.8741
108.209
71.4063
70.8543
92.412
109.965
24.1818
15.9456
12.499
55.0807
67.4927
106.164
70.9175
47.7093
82.6168
47.9034
67.0056
94.5868
77.0625
45.3718
50.3918
39.617
57.6466
82.3975
16.9933
73.685
10.1062
53.7571
92.2898
104.888
46.9715
75.8869
109.587
66.1643
49.2975
79.2213
11.5282
21.3484
50.0902
58.9831
56.7747
48.3747
25.2954
90.169
56.1801
13.7705
57.9387
83.4982
50.1088
21.3547
34.8867
96.0968
86.9957
33.9896
45.2957
32.5108
19.265
45.8918
42.6575
25.0711
80.3953
95.4281
53.4427
63.0624
77.2003
61.2031
67.2194
106.322
69.9738
67.106
48.6963
24.5639
68.8388
89.1422
128.494
73.5736
75.6478
124.974
86.445
65.8092
66.5418
65.0621
105.207
93.3828
8.06212
1.20514
85.6002
65.9396
13.0258
23.6381
59.1411
43.0321
74.7553
2.36785
41.1924
10.0106
88.246
3.08743
74.0828
6.6475
67.505
77.5777
38.1969
77.1347
14.9938
22.6099
51.3897
18.7846
85.2534
15.7397
129.95
63.8999
91.2882
42.4097
77.0812
68.3831
95.086
58.9583
73.3115
69.2793
46.6317
70.6815
63.0894
42.4816
72.4096
90.8702
7.3278
54.6179
62.8333
82.8721
72.7018
41.6887
51.8733
80.9969
17.7704
76.802
52.3195
63.9047
141.625
MET does not have solution even after MET smearing.
The solution is returned as if Delta was zero ...
18.7074
56.503
37.5557
96.5532
93.5744
68.8698
83.5038
90.7454
70.8602
32.9217
94.0633
97.8309
70.4512
51.754
13.4606
105.481
26.5395
50.6873
71.9757
83.3626
66.7733
55.3067
19.9754
93.5984
91.8767
118.765
39.1861
18.0816
59.736
52.1806
57.5083
80.8964
31.4813
24.2813
63.0451
81.0177
112.486
106.554
81.0935
56.968
186.171
73.6903
47.5063
29.6292
104.359
96.0736
71.2485
75.3285
13.0898
77.8623
73.5877
39.488
71.0691
17.8762
121.824
82.9103
10.634
58.9485
125.379
47.499
75.1013
104.336
52.2165
85.0711
54.9052
61.7016
65.722
83.5023
73.1816
106.939
4.69812
114.212
66.659
12.6638
59.5086
11.4609
6.25135
24.2349
79.837
91.8117
42.1448
56.7004
53.7222
80.649
46.4909
48.9028
27.6184
81.8788
23.6223
16.371
90.0993
68.5469
30.9298
60.9899
40.7016
75.1622
59.2808
79.0122
104.9
95.1413
10.8777
109.069
81.1
54.9919
105.138
94.1063
4.09257
69.5273
95.6758
102.636
52.3961
74.3594
63.5199
75.9857
26.4315
83.3229
50.3584
46.8794
5.85259
55.1567
24.5076
59.5687
56.4266
94.1241
54.7077
63.5091
5.49703
63.0555
99.623
2.79937
18.8401
46.1968
51.3588
28.4201
56.3164
69.7284
57.1176
69.238
13.7131
99.5416
18.8794
42.7866
100.484
96.1702
28.813
56.2309
7.51852
91.9384
78.013
35.1124
3.59763
46.8124
40.9725
115.046
51.1742
82.1905
55.1532
70.273
8.90691
26.3522
83.6473
52.0321
49.1324
57.8436
79.3022
91.5253
57.4203
12.1269
57.8398
46.5034
72.6677
82.3249
64.3868
39.5293
84.9988
12.3744
86.3019
22.7996
72.3257
32.3286
62.4201
11.0506
50.0084
130.37
20.3181
67.3129
29.2956
76.9646
80.3314
6.3352
71.8435
77.5699
8.8414
34.7578
80.5834
32.9713
70.8799
75.745
49.7352
41.2322
61.1969
77.6855
50.98
93.8539
54.0719
71.847
45.4167
54.3925
30.6058
58.8243
81.0454
87.4191
84.5531
64.8809
26.9145
87.7477
80.3598
86.0205
61.8891
72.5696
14.9751
59.3052
76.4378
33.8297
15.2477
104.736
93.2046
66.5119
63.1339
98.2971
14.9763
61.2105
95.2646
54.7741
94.3213
124.718
3.78034
83.5101
85.2148
66.3194
37.5832
42.3908
104.472
61.6411
27.6038
70.7279
74.9354
18.1096
34.2302
74.3052
79.065
48.552
50.006
15.5956
54.1485
88.2489
40.0311
76.799
59.2939
27.9936
63.0547
83.5823
182.158
65.6067
47.4617
88.6247
31.9411
156.694
32.1411
125.467
54.1286
82.8083
41.335
62.8457
77.7499
87.5477
44.1393
19.7729
61.3715
6.61125
65.8887
70.7276
13.9799
81.6318
63.01
15.9574
5.07179
116.148
72.152
67.2413
75.2848
71.9525
6.02656
93.8092
82.352
84.46
80.7755
69.1238
73.4293
81.358
7.59243
66.3416
77.245
1.60943
59.223
120.537
93.6182
58.7236
26.9246
61.7011
54.3182
73.8206
42.5494
36.1501
128.492
MET does not have solution even after MET smearing.
The solution is returned as if Delta was zero ...
51.2196
63.1095
71.8722
64.7654
9.58446
21.8518
28.1809
113.95
110.791
74.346
101.721
86.8029
16.0316
19.5654
77.9785
117.053
111.821
63.438
51.8382
15.8835
22.6869
92.8631
16.0377
53.5698
26.8378
21.534
53.0388
39.554
94.6097
75.4313
12.3387
17.3
48.7001
100.843
56.4097
65.6149
73.1718
61.2642
47.1252
73.8662
93.9037
87.5206
57.2824
49.3432
98.0327
83.2408
36.8348
40.3863
26.7044
40.6009
57.4765
65.3141
16.904
39.8158
69.4492
68.3256
101.769
19.6637
53.4801
3.2902
98.9608
136.215
MET does not have solution even after MET smearing.
The solution is returned as if Delta was zero ...
24.3549
39.4456
6.3685
89.0862
37.5998
94.1498
64.6158
39.0552
4.77816
79.8888
74.4943
70.6735
76.4833
69.1948
70.3873
70.712
76.9063
80.3135
71.925
45.6156
85.2698
44.5274
68.4102
86.0428
54.6746
32.2056
119.719
75.508
69.4104
52.4303
101.919
25.2739
36.2583
47.3757
89.559
30.3107
49.5018
74.7693
10.4205
22.4046
53.794
22.2363
78.9316
81.8391
53.8794
67.4414
79.5836
42.6706
112.161
45.0913
49.6654
69.2327
86.3589
69.9953
52.7635
43.5445
44.7499
64.548
43.118
69.7847
42.1683
74.1373
44.5134
21.4696
50.741
55.3208
75.9696
95.7493
104.145
88.0359
45.7264
25.8105
15.2862
22.9142
3.41935
96.8749
85.0762
96.3209
56.1555
63.7537
55.225
51.479
64.6656
58.8306
67.081
34.0931
53.1105
27.5894
48.786
14.2506
33.3392
76.4287
65.918
75.4573
67.4767
52.6464
64.6758
52.4906
2.11933
64.9797
79.1012
60.927
79.0197
81.3674
4.92826
102.477
69.1882
23.532
22.4394
103.617
12.9486
10.8048
83.0823
35.7729
50.4919
75.8285
79.4805
45.1181
115.33
75.9969
46.059
74.0383
48.8084
19.4312
82.8744
43.8704
88.7618
21.6903
59.0304
66.5674
53.2005
70.9003
10.9023
59.5162
98.4929
41.5043
44.3882
80.3478
86.0244
49.8501
71.1576
73.6281
88.4978
58.5704
58.6024
58.7229
3.24066
73.9201
74.6665
47.526
24.1582
46.3872
120.906
60.427
5.45239
30.8198
17.5066
104.387
3.71967
54.6772
60.724
47.8843
85.9871
50.2585
57.5651
86.1019
80.7253
28.1684
88.5689
58.2755
72.0055
75.6361
32.997
84.3522
73.0243
152.223
MET does not have solution even after MET smearing.
The solution is returned as if Delta was zero ...
13.2551
57.0005
93.2876
93.3938
96.5769
23.7598
11.0604
8.87969
27.6952
18.2442
62.4974
58.6886
23.4096
95.8255
41.2177
34.3739
0.0794283
26.8863
14.5285
59.3945
21.3695
66.2867
29.252
49.3998
84.2549
11.3558
119.127
3.45197
81.8202
32.7162
47.8626
115.607
103.765
30.13
49.4857
56.9988
81.2261
82.9686
157.972
58.3298
123.021
78.381
82.3755
106.653
31.1612
23.6791
38.2918
70.912
49.5572
74.2978
2.49227
26.6418
73.9764
80.5341
93.5514
104.257
3.70498
30.4236
56.0324
87.147
47.2987
83.1723
94.9776
60.4291
54.4126
93.4368
84.2844
3.95412
54.7166
0.706129
1.84743
98.323
77.1709
90.6624
10.1363
0.914435
133.567
100.176
63.3281
102.536
70.8322
7.81096
78.2271
8.83208
132.61
76.5177
53.7686
5.50149
77.2498
67.0989
45.4165
67.2065
22.9311
17.1473
45.1046
2.96859
69.1753
101.94
20.2608
71.2081
44.2963
25.2713
27.8064
62.0002
13.2982
43.1699
84.5182
88.0748
67.7921
32.3449
48.9294
40.6852
7.44089
70.2845
22.7976
31.7393
50.9364
53.2237
111.176
72.7794
55.6946
106.04
61.6261
65.2155
70.1553
63.1616
79.9394
7.41251
20.2165
74.4947
130.988
28.0318
4.90845
96.4946
58.7904
24.5024
51.3017
77.9608
5.06632
48.921
61.089
80.6681
16.0126
8.0721
43.0701
84.4167
101.145
13.8016
70.9867
56.9193
69.9202
7.3829
86.234
79.1565
91.8795
39.4908
50.2958
26.9724
57.732
23.6285
82.8209
53.0441
30.9953
56.911
64.9927
17.1304
61.2989
42.2733
74.3037
100.726
23.8588
25.4603
91.6156
51.4365
83.3627
41.7241
64.6565
48.3003
91.0898
80.2543
85.2953
89.5696
118.205
90.1729
94.8779
46.0732
24.8424
71.0477
73.119
48.1593
18.3677
76.296
58.2113
59.9259
66.2312
61.8468
45.5243
67.5816
1.94138
46.7705
65.3802
111.953
1.47839
105.828
87.7634
73.1708
69.5715
25.714
56.2433
36.1867
45.3888
76.5357
74.4337
71.2726
44.6355
64.4019
15.6811
74.8225
68.8613
11.4486
77.3505
64.399
51.6208
41.1456
44.8453
68.0616
68.1622
56.0245
72.983
36.5396
83.9622
84.9026
54.0661
102.172
45.9758
149.971
27.2385
25.6988
78.6064
80.3598
12.4543
68.0985
133.009
75.3156
37.6852
65.605
35.8512
80.7208
60.0684
57.0396
37.5752
66.034
30.163
57.7941
33.3211
41.092
81.5794
60.2743
76.9462
70.3294
58.3622
67.7192
73.6141
45.9596
101.244
8.50998
60.513
43.3628
39.8044
74.6326
0.762712
69.45
41.158
66.3972
73.7202
16.9158
48.8368
54.2412
71.8138
53.1608
96.0934
41.5435
39.6407
46.071
105.203
62.1195
65.6956
107.86
46.3937
30.9093
75.0135
31.8295
80.4519
22.0387
65.1196
111.714
39.4232
55.4378
92.3118
78.3304
5.42951
58.7905
121.239
77.7629
88.2472
111.171
75.7101
40.0447
91.403
108.86
76.8529
87.5852
40.9359
83.007
124.665
63.1676
27.791
44.5109
31.7267
80.4874
18.5788
24.1007
34.8249
89.2805
86.7232
18.7409
50.7248
56.1988
45.2629
67.7117
69.2482
83.6978
37.365
60.0635
94.3827
87.673
53.1184
27.803
81.985
59.401
89.1156
63.8377
74.8494
2.8607
15.5986
92.1978
70.0392
77.6876
81.7197
77.5336
80.8446
79.5591
101.154
31.6198
49.6368
80.2494
52.3993
74.0499
21.1592
74.5415
65.8322
79.2171
100.965
118.852
MET does not have solution even after MET smearing.
The solution is returned as if Delta was zero ...
47.8173
10.2524
68.7624
143.073
107.698
17.9641
32.2089
56.5521
44.0731
79.5063
73.2801
72.4466
78.1445
55.5814
76.3178
90.7767
62.1474
42.3812
96.0717
128.126
94.2104
67.8125
94.0081
34.5026
26.0869
137.428
83.8759
6.18917
65.0703
57.5011
19.5094
69.5717
79.0489
16.4881
61.8035
59.7051
23.8741
43.0899
64.9435
89.4101
24.5332
31.4629
29.8441
92.678
2.4044
54.8762
86.2799
48.1196
57.8503
71.5303
29.913
51.2846
37.5018
157.321
102.986
33.0555
31.8207
0.797481
2.24596
14.1094
118.742
58.6966
69.5638
28.5607
30.9509
3.20749
84.0728
100.548
18.9046
70.0674
9.48013
78.513
66.4866
51.6513
50.7128
67.0034
62.5922
110.421
51.832
3.64347
86.0112
13.6062
47.7828
79.8987
19.138
108.43
37.4798
41.4828
114.677
74.898
83.7415
80.1084
62.8546
90.8072
48.6253
82.6751
33.2395
73.7732
17.4721
59.718
62.5085
45.4657
68.3754
76.516
22.1023
86.366
69.9954
76.733
60.1151
52.1264
59.6548
55.1564
35.0873
131.687
3.04916
71.0394
49.0815
59.6004
9.54129
86.2687
75.8755
90.0616
84.9979
56.8612
88.796
41.8522
97.6599
22.5252
49.9109
6.98281
83.7874
71.6868
88.9796
87.7748
53.3891
0.0167284
46.9014
61.1673
48.8813
86.3672
89.3429
103.311
82.8645
80.7503
68.0371
114.592
102.859
53.9973
98.037
54.3356
104.235
43.4895
89.896
55.1412
17.9457
139.69
85.3072
44.6419
69.3505
60.8078
44.4885
26.5864
33.6858
82.6335
99.371
86.3427
68.9965
60.3275
61.9733
90.2585
46.6865
36.5879
54.742
50.2414
67.9033
84.4761
58.7752
14.6648
52.7368
92.6341
0.710157
67.8908
72.5001
81.4703
18.4671
64.9869
97.1859
81.5799
61.0277
60.0346
80.7852
69.1016
11.0408
15.3083
10.1292
64.8603
74.886
111.227
80.1746
0.82465
61.585
54.3164
57.5778
25.0404
54.6679
77.2784
170.23
MET does not have solution even after MET smearing.
The solution is returned as if Delta was zero ...
73.0244
61.5884
33.9807
78.506
70.3315
62.1456
72.1199
94.4178
53.6851
100.819
88.0273
76.0165
92.5429
108.975
50.7327
96.9772
61.4981
63.8077
79.5788
84.8936
15.8177
72.066
106.019
81.4508
39.695
9.33219
29.729
79.495
74.858
25.2764
110.593
34.0878
33.911
59.5341
51.2151
11.7472
97.036
52.5321
9.80244
41.2924
85.5491
36.4987
41.2901
67.7716
56.6109
73.0431
13.4142
83.8795
93.1851
60.2675
37.3536
87.5624
43.3947
64.7672
51.9615
54.9907
62.5065
68.7503
25.2461
95.9134
82.7763
16.9237
48.2143
59.4822
53.8028
55.261
45.4258
99.3823
40.4552
25.1221
7.08968
50.4458
16.0668
126.286
40.0591
51.3102
36.5192
66.1381
32.0355
54.2379
92.2403
29.7617
71.6457
95.7438
113.362
95.0926
47.4616
70.5283
30.9645
36.3243
77.5647
14.5469
61.6969
60.3157
89.4389
60.5284
65.4255
62.0018
44.7136
94.7513
89.7125
46.0376
99.3197
97.5703
78.0904
84.6065
6.92018
70.4277
104.514
98.2843
68.265
60.6071
60.0956
103.36
111.989
50.3326
256.09
MET does not have solution even after MET smearing.
The solution is returned as if Delta was zero ...
82.4992
16.5057
81.9723
60.6381
130.924
MET does not have solution even after MET smearing.
The solution is returned as if Delta was zero ...
27.7296
111.193
76.2998
83.741
110.662
47.7622
48.637
90.1787
99.3316
64.7468
43.7322
12.8663
18.2052
24.5683
39.1243
65.6734
93.642
81.5654
74.1298
87.2043
80.1461
87.3574
83.6054
77.0186
87.3985
44.1639
108.275
53.6445
115.641
54.5182
111.007
8.05393
125.788
103.296
82.2969
63.1261
91.2773
7.66208
52.4803
69.9397
78.035
27.3022
27.1232
100.278
97.5113
87.6061
22.2279
91.331
72.7581
71.7004
89.4821
83.3535
77.0945
61.4951
31.7035
64.4203
89.9264
54.9988
32.2136
55.5342
15.7834
19.5091
2.98144
6.83866
58.8377
59.9294
62.5336
83.5205
21.9543
5.91166
81.6842
22.3408
86.0952
69.9615
48.0568
5.89768
85.0256
90.6329
65.6701
102.11
74.9045
41.1512
54.8144
60.8817
13.112
77.0136
98.0736
60.2585
85.6697
67.1513
87.4372
32.2136
3.77368
21.3404
21.4931
31.7676
22.4579
50.3036
38.7095
24.4382
81.9972
120.81
153.29
37.6292
98.4349
83.4288
0.6598
64.4463
72.0025
68.8487
24.4188
67.6816
14.5371
2.80236
74.2389
77.3163
22.2238
78.6496
53.7408
46.322
26.677
46.3847
65.8541
56.6226
63.0488
68.446
72.8633
105.02
21.0317
74.6207
90.4477
100.726
36.7381
77.7539
83.6776
42.3036
79.4483
70.5234
127.904
111.317
86.7242
62.9586
70.0848
77.2303
28.747
83.4961
85.6091
75.6983
21.0623
74.8553
51.804
60.0734
58.4435
60.4555
68.6745
89.682
85.1303
83.4558
99.7913
38.0222
71.9932
67.9789
25.7619
50.754
27.8989
44.4364
74.3797
80.9239
73.2631
17.402
88.6878
149.026
113.284
75.8035
93.1532
58.7075
34.184
76.0102
66.5609
3.71463
7.01443
73.9587
104.696
19.5536
56.3546
83.8144
12.3483
16.7507
119.754
11.9958
40.1978
66.4423
76.3575
73.325
36.9201
70.3352
32.8468
56.7617
82.3266
95.271
8.25235
69.1054
57.8369
64.6454
126.315
MET does not have solution even after MET smearing.
The solution is returned as if Delta was zero ...
90.9427
90.1099
0.0142549
14.5306
73.695
52.5016
67.1183
72.14
10.4238
0.695401
95.2335
73.2567
66.0859
38.9746
78.3851
41.5057
51.807
50.603
5.81304
71.0046
102.641
48.9043
91.6351
65.6598
72.4005
88.3395
64.5262
93.4883
83.3903
82.931
126.053
MET does not have solution even after MET smearing.
The solution is returned as if Delta was zero ...
49.636
28.243
83.7098
131.604
79.7647
40.8428
42.5913
64.4558
27.4529
66.1834
44.1161
49.5199
89.5276
100.988
76.3617
58.8081
61.3211
52.6294
15.5943
92.7474
108.418
52.6191
109.273
112.126
63.6181
95.8631
14.617
88.8131
82.9617
70.1685
50.7795
12.5798
117.612
49.652
120.981
22.974
92.9791
91.844
60.827
47.8494
94.2325
62.5185
58.4595
18.0064
60.4337
71.2498
101.503
29.9071
8.00187
95.1921
72.5652
83.8997
99.683
69.9435
86.2429
45.8303
82.28
68.3832
77.2397
79.5315
6.74325
76.3316
60.3816
29.2825
9.13403
44.9589
52.9011
85.0929
66.8018
77.5229
50.0827
84.6217
60.9694
77.4786
56.7013
136.571
98.5438
110.948
50.0484
33.3904
23.7719
31.3284
89.3041
89.5478
37.6824
160.144
MET does not have solution even after MET smearing.
The solution is returned as if Delta was zero ...
46.1316
72.218
131.98
123.433
98.058
35.3251
44.5379
61.5895
15.2387
65.4759
21.3093
27.7704
28.1325
101.34
27.1597
57.8706
62.8209
81.909
7.16303
48.5037
84.5138
22.3847
133.514
82.6985
32.4724
45.9872
64.0895
74.2437
57.4259
70.8717
53.8692
81.7769
66.3551
80.3094
30.9451
61.2761
49.6018
66.254
103.618
70.9781
26.6734
85.9786
79.4332
73.8142
88.1853
17.3991
31.0244
41.5426
35.5519
58.9496
53.8528
18.0843
29.2977
77.4593
119.975
MET does not have solution even after MET smearing.
The solution is returned as if Delta was zero ...
84.8667
90.291
70.5612
77.2605
114.993
50.8904
88.4001
34.7557
63.8132
23.2013
27.0378
97.1994
45.5244
15.8675
57.4855
46.7005
67.4563
94.5176
92.7454
6.58149
24.6102
11.0199
154.951
45.5975
100.488
70.269
54.7415
100.231
57.7236
62.309
106.979
25.1005
56.7738
73.1644
74.9798
126.869
46.4762
90.4235
10.639
80.7397
4.24437
22.3715
12.9177
69.1696
1.69967
108.008
92.9224
75.8118
102.899
63.0429
53.2495
162.851
83.9678
55.3967
65.7894
31.6047
48.9532
182.357
MET does not have solution even after MET smearing.
The solution is returned as if Delta was zero ...
80.0758
89.177
35.3547
34.7902
20.636
51.8759
74.706
68.5686
3.54572
34.7813
60.0872
55.6114
88.3862
75.9772
80.1903
82.929
174.136
MET does not have solution even after MET smearing.
The solution is returned as if Delta was zero ...
76.7255
46.6505
51.0102
72.7523
45.9356
71.252
68.433
8.65574
81.1825
53.5914
81.3406
181.698
52.2946
64.7912
77.4551
86.1354
60.5459
149.191
MET does not have solution even after MET smearing.
The solution is returned as if Delta was zero ...
213.062
MET does not have solution even after MET smearing.
The solution is returned as if Delta was zero ...
88.2163
83.7765
3.77041
73.2231
71.6493
47.6899
76.7535
81.7287
83.9757
88.4078
9.60694
26.8558
62.9642
87.8962
32.7098
46.2457
41.337
54.2143
12.0039
51.0323
41.0618
41.4336
55.4614
34.0818
35.214
61.5077
5.69361
134.848
78.0703
110.397
59.0104
12.5997
114.826
94.6192
65.6552
21.9445
36.0546
51.8464
75.9474
62.0664
27.6956
54.9503
80.0882
52.8323
83.2628
88.1048
65.1013
114.245
24.0133
222.462
MET does not have solution even after MET smearing.
The solution is returned as if Delta was zero ...
76.098
68.6827
49.6105
69.8429
92.7674
83.1292
50.4711
39.676
57.7954
106.088
27.9843
78.7328
13.4418
80.1926
75.7306
80.9033
61.3174
69.2946
26.3203
74.5774
66.3315
80.6799
73.4621
39.3332
72.5697
7.83574
41.2244
72.623
122.474
10.9895
88.2573
49.4242
58.719
127.411
29.8632
88.5146
21.197
56.7232
69.7723
42.0121
27.3601
58.0784
74.8496
70.3605
40.8959
75.2376
98.7121
99.0257
116.715
12.298
30.591
112.42
63.8861
77.6439
40.085
47.6274
74.2374
48.086
97.7391
38.5901
77.0455
0.67745
86.998
38.9509
104.099
31.4942
79.6811
8.82924
76.9724
74.2904
49.8891
70.1905
79.9123
80.5872
27.6227
56.0149
92.5192
60.5382
54.5787
0.617363
82.9044
98.2503
49.0866
51.6952
34.842
76.487
73.7212
55.5984
137.955
12.0728
11.7307
1.61584
61.4938
34.2239
80.8689
27.249
83.3001
25.3823
19.4247
142.43
36.1097
109.974
23.538
134.08
84.3199
64.1549
66.9458
158.338
130.843
71.9728
46.6839
1.12208
41.7854
75.8486
89.4982
62.1033
51.452
61.459
57.4261
22.8386
56.7388
52.1589
68.7071
49.542
10.9755
9.29576
51.9195
43.5978
63.0372
83.4476
108.526
31.9062
95.4041
73.1311
42.0507
74.4435
56.2913
59.0266
68.3315
71.3556
79.958
47.8722
126.368
76.12
70.0849
38.6946
62.6485
55.7666
93.73
2.2415
108.895
47.939
31.9912
28.2031
43.278
82.1409
12.1508
30.4677
42.1225
79.7834
68.6671
25.095
68.125
70.6838
78.3093
19.7813
74.9459
23.0574
56.8854
68.242
73.5866
60.1106
97.9736
51.7062
67.3293
84.9698
99.3719
25.9126
90.6916
90.6929
34.8028
138.853
72.9258
75.0597
60.9172
76.1853
45.6878
66.8293
25.4185
27.8917
78.4873
50.4456
81.1511
58.6417
93.3277
55.2997
44.3537
3.40597
97.4291
38.8132
82.584
84.6793
39.5439
71.5169
83.1169
93.2198
77.4288
50.6883
73.8788
79.6861
44.9367
81.8772
89.7882
55.4665
77.9728
85.2264
5.8808
33.3853
54.5459
21.3766
67.7264
69.792
55.5792
34.0853
102.644
76.529
100.573
82.5526
2.54989
12.751
74.9303
26.3236
82.2508
58.4999
74.9001
106.505
67.2574
3.47431
44.7514
32.2151
113.151
28.703
93.6978
92.6986
24.1574
80.5962
46.2806
43.8172
90.5392
26.039
75.1946
78.6924
47.023
23.2355
78.5262
40.4776
56.319
65.5735
78.2248
13.7448
13.4182
64.0744
75.5865
15.0299
11.9268
92.6206
24.7741
87.5401
2.48076
5.11791
59.1569
2.35944
61.2258
59.1288
76.9998
15.1229
102.206
94.4583
110.857
7.66076
17.0833
83.432
50.5574
84.7146
20.6287
100.32
49.24
88.6623
80.7237
122.054
72.6438
100.599
81.7627
5.65305
86.8834
79.1815
79.7557
11.1373
47.2248
59.4406
29.1012
22.3603
92.9023
62.3328
18.3433
2.78676
162.557
MET does not have solution even after MET smearing.
The solution is returned as if Delta was zero ...
30.4813
21.5136
64.9605
50.8987
46.6411
71.2401
6.74297
97.6406
62.158
48.5777
104.516
12.2173
80.2641
68.4025
27.6843
91.8749
49.138
109.319
89.2388
79.5809
79.6746
54.4401
78.7338
70.9198
6.85998
71.2741
33.9451
31.4302
59.3137
52.9607
76.8416
35.1028
64.0885
84.9794
45.7077
81.7619
75.526
58.0287
35.7757
15.2589
7.68359
76.5091
74.2586
6.37325
65.845
54.987
58.4258
84.755
82.8396
100.833
82.0726
2.47619
79.2905
97.8315
8.19378
45.8199
10.5772
59.6225
116.887
10.4535
78.9128
60.0985
51.0459
37.7731
98.8434
51.6566
5.82913
20.3726
49.2623
80.3312
101.031
0.712268
57.702
47.5887
109.955
95.1791
56.4033
66.8804
68.3685
41.9552
101.615
50.0384
23.0304
64.6807
29.0853
75.964
107.146
67.85
20.5473
75.4275
73.5373
32.5913
35.959
63.9688
73.5495
87.9703
62.9825
51.3397
37.5222
74.7754
78.0011
16.9278
74.5938
25.0096
7.26494
52.2102
77.2039
53.3479
21.7812
47.2643
5.10958
128.966
48.9763
51.7789
30.1297
67.4539
110.264
60.0219
55.14
82.4779
35.5856
72.3451
84.6621
82.9499
73.5045
53.5339
85.0865
79.9992
67.4243
81.0679
39.0707
18.3986
44.7406
37.1041
67.32
26.2686
108.453
78.5517
75.8084
94.9859
72.0176
45.063
92.9892
46.9954
74.3339
11.7579
53.4301
64.1711
57.9616
58.5443
99.07
2.71417
98.1919
11.0464
68.4291
86.7097
27.5985
59.4584
17.0303
95.1663
108.712
37.7222
41.5506
71.379
84.9581
32.193
41.8798
65.6791
79.1263
53.9267
55.7056
66.6639
69.1073
41.0856
22.4263
60.0133
13.0611
69.5186
9.20061
81.7686
105.67
71.6252
52.7893
107.583
43.2581
95.3049
77.745
49.8368
82.0854
43.3604
65.1199
50.5636
78.7684
112.332
92.5605
85.7234
72.0079
83.006
54.291
2.01652
84.3757
0.712703
24.061
33.0266
115.225
44.2931
45.9139
60.0101
67.8338
39.9451
85.5631
95.6619
65.3929
88.032
40.0803
72.0052
116.113
91.9746
98.0115
67.787
77.5757
24.5685
36.7066
95.54
82.2586
18.6923
69.7252
56.5349
4.31203
51.7608
101.583
44.1915
44.0785
42.0455
55.4014
27.565
94.3755
80.8892
36.2142
68.7799
112.164
93.5301
47.7071
118.609
21.6607
93.6584
62.5348
37.5558
101.661
93.6194
32.7485
92.8651
48.7657
2.43638
55.8647
91.4938
76.4874
32.2971
56.7922
46.142
144.512
63.5171
47.7239
74.5767
12.6755
83.5896
78.9792
68.8781
100.801
78.4513
83.0237
69.0915
67.0671
69.9316
62.881
48.0458
79.3641
17.5718
80.6175
55.3304
38.7522
60.1509
92.5032
31.0518
103.387
24.044
75.8893
7.62626
64.496
80.652
84.305
38.8519
12.5805
69.3951
69.2723
94.1253
78.9989
72.2581
84.3931
69.2983
27.7167
40.7151
80.8135
49.6813
36.6634
77.4848
84.5113
70.2723
92.1883
82.0994
70.3272
82.3598
84.1698
76.4187
2.22764
34.738
3.23742
45.1968
64.4966
87.6464
16.0887
59.3599
57.6112
59.8532
15.5512
94.2849
2.87074
23.8419
66.7547
56.87
33.4275
10.575
93.0543
41.7729
74.869
88.3355
57.8687
25.6523
6.76171
88.2522
68.1914
31.5768
50.6893
140.005
101.165
13.4575
36.282
62.6791
64.3721
56.7149
82.019
35.0147
55.4898
71.8544
65.1799
37.5748
46.5665
44.8575
95.9251
68.1312
88.5188
12.0082
125.979
65.2986
52.9278
105.319
79.1149
72.9889
23.2149
1.53698
83.7026
110.18
68.193
56.9685
54.6867
20.2373
72.6216
40.6272
0.108226
3.71243
42.5912
71.7706
54.2255
36.3918
56.7212
46.9462
21.0901
16.5119
104.254
97.2651
118.441
83.0313
13.4535
53.8121
68.9843
41.9062
8.06789
76.7574
42.0667
56.8003
7.99408
41.6232
0.69258
77.2808
47.9685
138.851
MET does not have solution even after MET smearing.
The solution is returned as if Delta was zero ...
89.3266
59.3188
106.188
54.9047
13.0481
0.395556
104.181
66.4622
5.32251
65.4597
48.8412
101.588
49.4432
70.0069
96.0755
107.503
46.7198
49.5109
45.3911
108.404
33.2687
7.26617
78.2172
100.174
78.0876
106.041
50.068
126.056
57.5684
105.907
65.6883
85.9625
77.7818
20.1734
6.30191
73.0645
51.8883
60.6918
90.5215
15.6246
46.4894
26.6125
98.6613
81.2542
85.4952
0.184719
78.7553
49.4188
10.0167
79.4738
35.6914
50.4511
59.3501
108.122
78.7182
61.7815
60.0604
63.211
86.2009
17.2933
44.1841
81.359
63.3248
85.8873
67.1055
56.488
84.5308
18.9034
78.4804
113.575
23.2368
102.394
53.3573
16.597
85.0805
83.2542
102.452
102.411
53.1636
22.4319
5.3772
92.4237
13.4258
11.8115
65.0523
14.1407
70.0629
130.399
67.0069
66.8231
88.291
19.4247
53.2976
66.4989
12.935
94.9891
71.0352
122.947
80.6467
47.5038
66.2248
63.2776
89.9979
48.6739
38.9065
2.14446
105.515
85.7645
84.5974
74.2108
52.5575
55.8073
78.9958
55.6466
46.5739
208.634
MET does not have solution even after MET smearing.
The solution is returned as if Delta was zero ...
86.8719
0.214415
43.3905
105.745
5.75595
75.2561
5.50516
52.0504
92.6868
87.3696
61.0544
27.9992
58.4676
81.323
75.0094
65.4381
92.7377
66.4895
41.2131
78.8794
76.2875
65.4715
5.18722
51.4791
38.5444
116.486
78.1404
5.01464
72.4122
45.7221
19.1001
48.3689
47.0524
62.853
84.7444
9.58283
90.5665
76.088
64.2894
69.2377
111.9
80.6722
37.0799
30.6944
42.949
73.0221
62.1837
32.7883
68.3666
103.412
27.0408
75.3557
44.0051
82.9379
70.4131
22.6539
16.3164
76.4146
72.1046
87.2616
94.9
23.0662
20.861
43.0911
13.3699
72.6363
12.2417
26.6828
80.141
67.4993
77.2921
85.0963
31.3878
134.83
45.5306
3.99832
62.9065
116.881
62.3684
68.7471
27.676
36.999
60.0348
58.2018
87.9483
42.308
71.1029
70.0771
62.0665
66.5095
76.1617
49.5707
54.9136
107.235
36.2358
98.3549
82.4292
6.63738
12.477
78.7034
111.012
94.2266
96.0754
33.4444
42.761
87.7795
53.8278
74.8308
85.1589
19.0773
22.8997
93.4186
55.9985
23.8865
96.7199
17.6973
72.1191
45.675
39.9752
73.9454
1.02366
49.6472
82.7143
56.82
118.242
63.4295
20.9523
19.4308
55.5847
41.6878
72.4116
62.4571
79.154
68.9576
30.1365
78.6162
76.8224
65.2138
89.2183
63.7024
48.4629
50.596
65.3829
69.1783
48.9052
77.6344
35.6961
77.6654
83.1416
84.1602
82.0462
4.24232
74.8718
31.8529
79.5734
127.863
55.5874
76.7414
66.5418
58.4781
59.6411
89.7503
91.6748
73.4356
36.4332
26.0182
2.37401
4.01655
106.146
79.0029
42.5765
55.3427
67.4877
31.2569
82.5085
63.6471
103.079
21.7273
79.1594
28.3584
48.2909
14.7531
12.7844
41.6645
75.5699
73.8983
27.3165
46.6067
88.1771
88.6642
38.2003
75.6025
13.3172
59.4238
110.211
46.555
35.6197
103.892
42.9519
102.57
117.878
87.4189
85.6179
79.8545
38.3115
83.8497
77.2115
70.2572
40.9901
108.836
21.7429
20.5178
68.8007
18.5254
71.23
104.148
105.057
68.9888
34.9001
64.8629
21.734
78.6056
64.3376
41.835
65.6979
80.3595
81.6988
40.4661
76.6839
60.8948
47.2779
51.6258
54.3085
43.8763
120.411
71.6719
51.838
37.0808
66.2969
79.5143
47.8354
54.6895
72.7296
56.8814
56.3265
20.3896
99.0368
31.5707
98.6323
84.9168
78.3872
47.1278
32.4629
39.0464
103.9
49.0173
81.0014
49.7592
118.267
85.3415
36.5482
79.6095
71.7305
71.5757
72.5588
27.2392
89.3648
8.22816
72.7037
54.3042
4.913
86.8599
88.1218
98.2776
17.4954
64.4313
78.5168
81.4109
86.9616
59.7681
94.2875
57.7144
42.6033
40.6619
102.395
62.118
54.0058
86.4616
56.359
85.7138
95.9612
77.3797
84.5993
77.0545
32.0877
62.5258
81.5261
25.8467
75.3372
71.2706
102.934
27.494
5.44928
70.9072
72.0194
97.0527
60.5666
60.4129
10.9319
34.6283
55.6807
63.1249
32.2571
55.9933
64.3065
10.7912
45.1353
48.2543
32.0612
86.7502
109.345
97.7283
3.96031
42.0169
8.31809
58.8842
30.9467
38.8891
84.9036
90.6014
49.8307
22.8105
42.9652
78.5035
34.0261
81.2678
74.8612
71.7134
81.7894
122.19
77.3718
6.20777
80.2714
89.6182
79.3059
46.9993
61.513
57.0406
48.8411
81.9863
42.9
43.4166
77.3033
56.1555
74.6921
43.9205
63.6777
67.9991
84.6888
33.1923
75.3212
37.7435
193.546
MET does not have solution even after MET smearing.
The solution is returned as if Delta was zero ...
83.2638
56.3623
84.4838
55.2745
49.0828
88.4228
71.6454
42.2083
55.7138
26.0754
81.3828
112.414
471.331
MET does not have solution even after MET smearing.
The solution is returned as if Delta was zero ...
31.8602
88.4888
102.34
57.3643
77.8785
74.6336
17.9377
65.6828
73.4566
41.481
77.7168
69.6777
70.6224
32.4967
82.7571
27.6506
115.109
65.9734
10.6666
73.3852
53.4833
87.2723
20.1064
61.6388
60.236
68.9781
28.2943
76.2256
99.355
76.1799
80.5147
117.683
29.9913
56.0329
9.32558
40.5579
63.7502
46.7954
49.2796
71.4561
15.2803
50.3213
14.8968
88.1439
53.9894
75.0666
88.0002
1.93628
96.022
59.4536
44.9408
79.3358
72.4282
9.73787
98.5228
77.2876
35.6604
2.26891
55.0792
13.5625
99.3729
6.4741
70.123
25.9943
65.0993
63.8707
89.8778
71.7284
95.0764
45.5834
61.2118
84.775
14.1342
72.7563
84.4201
82.9822
72.02
56.6706
72.2268
95.9916
5.38067
58.7389
61.8486
17.766
29.857
39.0552
77.4628
47.6201
24.6685
83.4799
27.7929
60.8628
64.0231
26.7274
86.2831
50.0951
21.5613
70.5703
64.3009
47.3493
51.5922
65.5748
31.6705
56.4613
40.1056
46.3407
94.7519
68.987
94.2534
74.111
86.1772
107.957
70.068
170.972
MET does not have solution even after MET smearing.
The solution is returned as if Delta was zero ...
26.174
63.0931
11.0374
66.9679
19.6348
77.2545
24.9772
41.2136
75.5139
113.972
80.6427
36.9099
99.0579
13.1855
57.7518
60.0846
35.9781
64.0925
98.0196
73.3921
83.562
61.4218
19.0424
99.4204
74.4702
84.1784
87.9488
111.603
10.5478
86.7861
64.681
59.9916
92.7605
2.75794
142.553
59.363
62.0302
87.2781
71.7543
88.624
69.3842
56.2976
1.8536
63.56
98.3988
82.2178
67.182
21.7629
73.9889
79.4889
60.9104
6.38746
31.3648
29.6641
65.4523
8.38908
78.195
80.1245
79.1162
24.525
4.7735
41.5339
86.015
86.4378
86.7339
59.5214
58.7977
123.571
82.0552
4.81499
17.1995
109.564
39.9513
51.5881
67.0005
6.34507
70.7143
0.056972
97.9003
85.1376
77.8875
95.3934
128.813
80.4654
67.7804
89.76
96.0775
10.7412
92.0183
49.381
54.7023
74.3595
40.5335
78.814
54.6201
45.3479
57.1583
90.7037
72.307
54.2451
85.267
35.8584
47.8951
65.9905
53.3694
2.74064
83.1775
66.9069
43.285
1.57945
59.8119
30.3067
140.117
MET does not have solution even after MET smearing.
The solution is returned as if Delta was zero ...
27.4832
86.0423
8.62882
38.8944
65.7099
71.6159
25.5217
91.3571
91.312
73.8386
84.9548
17.2512
7.43768
69.7012
72.8667
56.9327
50.0965
69.7344
28.7849
1.1016
47.8531
34.009
91.0255
84.6841
70.6173
64.0313
39.1993
43.8568
54.0989
7.26704
59.2662
70.125
87.3914
83.3039
29.774
45.78
116.267
96.387
17.8922
16.2585
8.97618
56.6856
92.381
86.235
13.8489
120.293
66.5333
46.3899
90.9336
39.9341
75.3116
132.808
73.9463
113.648
35.1244
92.8227
75.2421
21.1391
65.3763
94.3975
69.9224
80.7447
33.7631
100.374
124.444
62.3919
26.8798
24.9643
40.9647
71.1949
83.2682
93.2789
43.524
47.8789
55.9749
30.952
27.5331
4.20037
79.9083
74.3648
69.4262
52.3853
87.7608
58.1274
46.0855
60.3051
37.4685
30.633
12.1942
44.3181
50.5657
12.6009
96.0332
50.3784
76.4164
30.3325
54.3044
100.975
52.7429
37.7726
82.3718
49.4507
105.975
75.8051
25.0415
10.0612
56.5103
73.3071
116.825
85.0437
33.272
82.4722
87.9895
57.3531
47.6725
60.5697
59.8968
59.899
23.9741
76.2278
43.6047
6.39054
87.2266
50.5663
110.512
86.4862
38.7297
78.7143
79.6272
85.2267
131.659
7.71256
79.9174
51.3387
45.7437
47.7854
72.0394
58.5196
51.7702
78.0056
43.4856
40.2172
98.2819
85.8463
67.4357
18.461
174.699
MET does not have solution even after MET smearing.
The solution is returned as if Delta was zero ...
6.05378
57.0128
26.0541
27.087
62.6359
100.921
47.3281
40.8788
50.8323
47.2969
92.4158
5.84786
56.9955
70.9201
78.6902
80.6401
50.2255
70.337
58.9401
12.2724
47.0936
32.8442
98.6689
66.0178
5.23354
36.6888
64.7728
55.116
64.5054
94.1332
80.9098
38.5363
86.2272
57.4649
74.0565
65.3069
57.2533
60.0107
70.2853
119.774
53.2664
66.7697
29.2925
42.5071
72.3396
63.27
38.178
98.0437
54.6556
52.3133
92.2354
16.1942
31.247
31.9275
63.0035
116.071
89.9501
118.463
69.3316
48.45
56.7459
20.3294
83.1226
63.0737
64.7659
30.6742
11.5986
115.807
22.2369
31.4696
69.5593
128.925
75.9093
48.2596
34.5187
41.3767
32.0708
20.0461
92.0873
60.4628
107.055
40.1407
30.6304
29.8365
124.236
81.398
43.7332
66.9806
88.9424
8.10839
55.8799
131.279
22.0251
19.1201
113.444
82.1181
25.5607
68.782
51.8343
51.0606
100.093
59.577
55.4518
71.9006
59.005
89.2751
8.10035
30.5309
33.7595
15.5987
17.841
73.6986
77.0013
45.1612
5.95572
54.338
79.9068
65.2025
66.0976
87.8529
109.753
86.3046
56.3546
3.34772
0.68687
39.9523
33.7755
51.8174
75.7439
86.2506
131.206
MET does not have solution even after MET smearing.
The solution is returned as if Delta was zero ...
123.297
51.7678
66.4534
71.6943
135.218
4.7755
18.3591
126.829
2.16639
107.024
40.6523
47.549
27.5331
65.2639
47.9414
48.2706
9.66473
64.099
63.371
2.82376
18.4695
23.4333
19.7023
94.1778
37.4173
8.98987
197.855
MET does not have solution even after MET smearing.
The solution is returned as if Delta was zero ...
37.1525
77.2055
77.6816
44.8759
66.7741
9.7544
319.59
MET does not have solution even after MET smearing.
The solution is returned as if Delta was zero ...
35.5771
134.178
34.0121
38.6507
70.6408
47.6251
89.3107
81.0302
69.2276
112.221
13.6537
81.4516
73.6487
99.9902
70.2419
92.6947
51.9032
73.2998
72.2902
63.9377
118.551
53.0873
41.19
62.7879
72.1629
50.6973
65.9032
81.2803
41.8889
51.4823
77.0345
58.4542
72.6111
65.3452
15.3973
35.2901
57.907
80.465
64.7366
75.5738
99.8908
7.30789
70.8656
122.216
16.2375
121.127
52.7163
16.1223
0.398404
28.7253
29.2434
37.1686
63.5999
86.9467
40.4244
79.7672
95.327
96.1641
47.9447
61.4626
168.618
48.129
157.942
MET does not have solution even after MET smearing.
The solution is returned as if Delta was zero ...
14.7181
31.9158
21.1834
39.218
30.1873
7.89546
19.2556
52.1775
54.4
57.3796
99.8445
65.8884
88.2027
47.5444
77.3207
37.9692
100.544
45.6435
71.1578
74.29
86.6846
189.79
MET does not have solution even after MET smearing.
The solution is returned as if Delta was zero ...
74.7095
42.9697
56.972
38.7281
2.31487
56.6446
10.447
57.2425
131.707
75.5701
12.2178
40.9828
118.375
15.122
83.6839
56.3096
15.6837
50.1575
53.8206
41.6245
79.5593
68.4927
99.7
57.9222
80.7916
82.5177
95.5729
55.7296
24.7147
15.2318
80.4272
106.128
105.551
63.3043
2.3858
55.6705
45.9124
40.6408
56.8754
45.769
11.5093
119.672
65.4294
62.3456
34.5922
61.0968
17.5646
5.09212
43.1709
69.1525
before closing file input /home/nadjieh/work/samples/postMoriond/Aug2013/WZ.root
before endjob
