**************************
SYSTEMATIC SITUATION: 
**************************
JERUP SYST
**************************
file number 1: ~/work/samples/postMoriond/Aug2013/ZZ.root
I am in tree = 0
inDirect
treeName: ZZ_2J_1T_JERUp
ZZ_2J_1T_JERUp	0x2d70010
0x2d70010 tree afterward
ZZ_2J_1T_JERUp
3306
10.5812
13.3083
80.3027
14.331
52.0164
51.4609
42.5549
79.2981
54.1578
61.1533
60.3214
68.1449
133.737
38.1073
43.4679
24.1415
84.8111
62.5264
91.8485
26.7524
42.5102
75.1705
70.5635
53.9856
8.74006
143.892
MET does not have solution even after MET smearing.
The solution is returned as if Delta was zero ...
59.1514
72.3436
3.39555
0.089645
61.5511
26.3714
8.38993
54.4944
59.6482
33.6116
10.7809
81.3963
34.2076
9.75407
5.93307
40.031
0.661289
51.6795
46.2878
46.6432
44.3699
77.4333
51.0102
25.0206
46.0589
29.3548
21.4277
19.7338
69.9733
71.1999
42.628
43.1551
46.9045
80.9328
75.8567
62.1554
5.68984
0.627784
55.2903
48.0343
82.2977
5.93041
26.7658
69.7241
43.244
13.8741
62.9447
51.2649
24.5656
85.2079
14.2567
47.6114
27.1213
34.076
105.189
28.5217
46.7893
44.8403
64.4108
114.182
56.4232
60.6966
71.4093
32.6718
70.5875
35.2414
34.4378
1.10408
69.766
10.5143
51.6924
20.6642
131.308
19.2665
44.6462
92.4147
78.1238
23.2712
95.1874
21.3568
45.3924
13.7475
70.6338
91.0967
10.0074
44.1304
48.4787
39.0026
32.6948
74.1949
102.223
9.53734
26.0302
3.04788
47.0794
81.6584
191.077
MET does not have solution even after MET smearing.
The solution is returned as if Delta was zero ...
57.2203
24.8856
31.2704
112.817
14.2823
37.7289
50.3554
123.511
19.6271
59.2409
63.0263
72.9783
42.7072
42.7195
22.137
48.2157
4.18672
91.7549
31.8261
81.1396
113.235
43.3913
43.122
35.9353
133.573
83.1522
75.956
51.3856
77.6726
75.0277
46.1702
48.3083
46.0715
29.1229
77.4208
14.711
26.8673
56.1847
30.9697
23.9728
80.3811
56.4353
38.6918
68.8289
96.2661
68.8162
100.909
51.6192
26.4239
72.7682
35.7074
26.4204
36.0669
18.3275
61.5954
1.31885
23.1913
3.81158
13.7586
46.0437
5.03326
26.0833
123.848
47.9046
30.6069
34.3176
39.4887
20.2509
7.27666
63.3827
18.5745
52.4729
31.8936
58.9214
59.8354
43.2941
29.3338
84.251
2.31155
8.70768
56.6531
25.5311
61.171
38.7416
9.83074
16.1071
7.51452
21.6966
44.674
124.567
19.3928
52.0922
67.7417
98.3223
112.819
15.5115
16.3538
136.705
48.922
90.1869
40.0607
33.3097
42.4761
3.62996
44.4099
55.0451
94.2736
104.548
31.6816
3.33342
56.9542
15.1573
42.8626
43.8149
67.9363
75.4466
72.6699
33.8588
196.482
MET does not have solution even after MET smearing.
The solution is returned as if Delta was zero ...
27.1157
67.4005
8.17137
20.407
13.4944
22.4126
48.4785
83.2651
69.2129
26.3526
6.53139
103.308
48.2503
31.1963
44.7452
49.7769
268.444
MET does not have solution even after MET smearing.
The solution is returned as if Delta was zero ...
38.7882
39.1012
29.1126
44.0603
62.2393
28.5562
73.1447
77.0874
38.6037
49.4642
47.9796
76.3102
51.4507
44.0083
2.02898
40.643
26.7904
97.0569
115.569
50.7581
0.597432
29.952
17.4285
10.9284
5.18484
69.0876
58.3626
94.3939
7.63456
107.208
74.0368
40.468
98.3753
17.5941
14.3203
94.7349
27.5296
24.0816
103.884
17.544
57.8007
18.4184
57.7936
37.8966
107.995
8.28879
31.1157
13.3907
41.6543
53.2833
65.5687
52.2998
32.0018
30.4355
35.873
35.779
21.7444
40.5012
47.4281
51.8969
80.9563
190.576
MET does not have solution even after MET smearing.
The solution is returned as if Delta was zero ...
13.5953
142.896
65.2134
26.6644
48.656
45.5736
38.6178
63.6297
3.8447
28.9681
53.9552
64.9647
7.47232
80.5667
54.0737
31.7027
2.41362
26.1295
109.708
169.296
MET does not have solution even after MET smearing.
The solution is returned as if Delta was zero ...
48.4384
52.6979
100.566
84.8536
38.0766
22.8785
60.5468
177.161
MET does not have solution even after MET smearing.
The solution is returned as if Delta was zero ...
73.1463
46.7389
43.6948
15.9352
7.54533
8.14454
43.6863
8.80702
39.8827
4.89681
41.7842
25.9282
48.7069
78.471
21.9335
9.83312
61.5062
40.7611
0.713595
5.36626
81.4029
46.0004
13.2017
104.232
29.2796
49.1513
35.7149
39.3312
3.11322
94.5839
74.0121
13.4
65.9082
120.702
143.209
37.799
1.71856
25.9252
90.0097
12.1178
18.7038
71.4207
30.38
13.9094
25.4669
32.8382
21.6217
20.9599
85.227
95.1286
16.7305
108.801
7.19997
35.094
66.9153
58.0629
62.36
73.5771
122.172
46.1029
36.6805
65.022
85.4941
53.2048
47.4555
70.8344
100.736
1.84402
107.482
52.9679
154.541
115.606
25.4639
2.82701
149.48
MET does not have solution even after MET smearing.
The solution is returned as if Delta was zero ...
25.8868
47.603
13.0042
52.0897
10.847
73.8355
109.004
19.2135
82.6475
5.67219
82.1572
32.1219
57.3158
36.138
122.938
MET does not have solution even after MET smearing.
The solution is returned as if Delta was zero ...
5.21619
97.2043
49.3046
28.9806
47.8626
92.9076
174.591
24.6947
65.8726
47.1065
43.0682
11.9412
42.3906
69.6828
44.8882
79.7218
38.5486
5.82167
29.0393
53.2181
31.4138
123.461
51.6074
24.7147
113.514
80.1476
41.3309
37.2781
42.7156
8.45599
63.7972
47.1983
79.1172
13.258
19.1931
41.9908
44.245
92.6686
29.8001
78.8937
74.7039
60.5743
25.3393
53.1889
74.1999
10.2774
54.2941
9.17236
10.4885
74.2051
38.9206
30.3238
93.0822
55.2956
15.0936
34.5298
99.6922
133.649
3.76698
32.21
50.8939
1.022
5.93253
71.884
45.3672
59.5422
21.7356
61.8993
56.1058
159.772
17.2078
28.5323
70.4992
4.57196
42.945
27.8891
73.8129
9.31197
24.8023
17.9295
70.6433
165.834
15.9139
90.1735
158.963
102.274
64.1627
108.102
9.22261
17.3918
87.1224
79.8163
9.26049
4.39223
51.2035
51.9336
31.394
58.6495
53.7614
122.905
34.6334
45.1544
44.6355
60.144
16.2209
136.412
MET does not have solution even after MET smearing.
The solution is returned as if Delta was zero ...
1.29062
55.6916
15.065
17.4249
42.6929
1.45044
43.1273
69.3927
89.1629
63.2617
53.5133
63.2242
83.2194
43.3966
14.8328
7.10557
47.4218
54.0906
83.0204
305.861
MET does not have solution even after MET smearing.
The solution is returned as if Delta was zero ...
48.4723
50.2398
97.6472
31.075
11.6795
11.4634
44.972
147.99
82.3839
112.466
78.6947
95.1681
10.5619
83.7882
39.9931
19.8573
62.4244
71.6092
33.6389
56.9969
92.5282
52.7575
60.5006
1.21343
4.25784
52.5108
58.5539
41.4661
39.7911
8.53514
19.8297
51.6418
2.36438
82.085
11.2049
0.522557
71.4738
23.1126
28.164
19.2164
145.713
44.1297
59.6556
0.975934
56.9144
89.3118
126.948
20.6569
24.9516
15.9024
54.7371
51.9402
54.1329
30.1625
82.8336
1.48086
68.6466
47.8714
83.7378
52.8247
3.7773
26.057
95.7567
70.0869
23.2075
43.4805
15.3473
46.8704
69.4462
29.611
50.9228
29.3606
25.6228
23.8063
61.6181
14.806
61.1025
3.34528
63.8464
40.8464
24.4194
19.7927
73.108
8.44235
76.8825
280.133
MET does not have solution even after MET smearing.
The solution is returned as if Delta was zero ...
32.0396
67.7918
142.732
88.3643
4.07446
29.5976
51.311
16.5211
28.7757
34.355
1.06762
17.8087
18.4399
42.6202
81.1375
38.2168
32.1701
28.6371
57.6936
75.2489
37.7376
84.2962
68.8671
107.686
12.3665
97.6983
37.6235
54.3294
10.7959
32.307
55.0259
17.5451
137.298
82.3486
23.9644
23.1928
19.6864
103.157
6.81296
87.5424
38.1588
1.01498
91.5529
24.5749
41.1679
19.537
64.8788
39.9279
28.9102
36.858
42.1771
42.3163
13.1702
16.5852
42.3046
9.37519
41.0846
95.5359
108.214
35.4404
12.388
12.4533
350.525
MET does not have solution even after MET smearing.
The solution is returned as if Delta was zero ...
29.6139
27.5745
11.656
39.59
69.9593
21.464
104.281
34.0488
93.8321
12.7556
63.5588
92.8898
58.1873
102.321
13.8014
71.3471
104.64
57.8245
82.1704
84.6825
49.5152
9.60632
76.9628
43.3388
73.2257
28.7341
12.0419
31.3743
2.54023
53.2874
55.9366
49.2478
32.4637
36.2453
121.668
62.7403
30.7028
34.723
35.1567
28.1649
42.1821
20.2867
18.5647
31.2394
13.2327
67.5671
5.8658
38.3159
38.8018
158.56
22.4226
23.2331
34.2902
38.583
62.487
68.3222
60.8084
72.1587
28.259
0.0325533
4.67846
61.5327
1.96195
71.8665
49.9181
132.148
58.0755
65.5038
52.4505
25.7351
12.5964
153.55
4.17953
43.599
56.4066
1.68785
70.7897
35.8793
16.9508
84.4882
106.755
3.91926
80.2989
93.0425
62.5734
16.3638
24.0793
139.63
79.7586
35.3401
34.0317
10.2411
105.862
114.505
90.2834
1.66554
78.4489
24.2556
41.81
6.21182
105.338
20.9328
33.2203
40.7279
70.4391
81.6366
68.2929
59.7243
1.41597
70.4574
14.7296
28.4672
70.8766
9.32503
11.5192
50.8152
19.9189
53.8889
27.3168
81.6413
47.7396
47.1335
26.5227
2.57998
38.2689
72.9944
51.4308
7.22775
36.4892
35.3544
17.8147
33.6268
56.3
88.693
94.9616
72.6849
9.96469
6.09589
88.8971
56.4819
32.1583
39.7582
161.371
MET does not have solution even after MET smearing.
The solution is returned as if Delta was zero ...
16.0359
2.71088
20.1825
24.9542
30.986
75.823
60.6312
62.9155
53.4896
33.2789
82.6788
44.1784
8.14016
0.0390413
44.1909
22.3564
32.9182
55.2844
77.6912
193.102
MET does not have solution even after MET smearing.
The solution is returned as if Delta was zero ...
47.1727
64.8423
22.5213
60.7112
101.639
120.849
32.2017
53.4796
17.9974
53.6298
33.9436
55.3297
37.6959
53.5358
19.3115
22.1932
111.546
24.1581
74.6048
35.3408
6.23909
26.5807
34.8238
43.1095
51.8331
53.2069
52.5037
40.6254
6.18973
69.2168
40.9742
39.2206
41.8264
85.6818
14.2881
65.7432
47.9847
21.4339
61.7093
43.0257
32.6936
35.7862
40.7362
16.6255
23.5056
103.188
48.8743
98.5419
60.2379
99.4162
58.9779
18.8075
17.8891
0.0171491
30.9913
55.5031
17.5876
51.5871
10.9335
29.5918
83.7798
21.6291
11.0514
117.353
104.401
21.9106
39.3751
12.486
85.4436
52.0191
41.4769
117.227
54.4046
208.521
24.7788
2.05282
3.26824
56.0903
32.0586
51.9941
26.557
34.7775
51.8701
8.90447
73.5839
80.9505
2.5763
53.4416
31.1364
55.3088
23.6583
29.807
20.5244
92.484
10.3443
61.2001
2.90715
62.5623
86.9181
9.7594
83.2404
59.4677
47.7919
99.5488
91.3214
111.229
11.334
24.1721
62.2657
2.23073
115.866
25.2073
52.3039
16.978
83.5143
48.7452
74.9104
22.2878
62.8505
83.4899
9.36244
126.883
86.7225
121.14
47.8888
9.15253
87.4132
14.1991
7.72093
83.8345
23.6412
112.59
12.646
58.8572
19.6472
24.7655
53.4668
1.15276
79.0702
5.7716
154.065
MET does not have solution even after mW smearing.
The solution is returned as if Delta was zero ...
MET does not have solution even after MET smearing.
The solution is returned as if Delta was zero ...
23.5447
4.10322
0.267548
63.0262
1.1427
17.6032
40.5867
175.308
MET does not have solution even after MET smearing.
The solution is returned as if Delta was zero ...
16.6928
40.9768
95.6464
91.5018
12.3553
46.1069
83.7844
9.79916
38.4287
84.0964
13.1413
28.1357
50.2876
1.68229
89.6361
18.5122
30.509
117.983
29.9226
112.058
23.7609
32.191
67.1759
42.7512
61.0081
41.8669
259.635
MET does not have solution even after MET smearing.
The solution is returned as if Delta was zero ...
72.0945
77.9451
16.9287
52.7265
104.108
4.90533
44.9081
1.84635
58.9816
63.3336
11.188
19.1093
51.3189
46.0228
53.525
51.0076
45.0752
37.3695
10.4929
51.6369
16.0418
82.4463
65.6932
13.4647
4.72963
43.6295
5.51895
37.9944
65.0451
45.46
51.7178
22.241
40.3999
102.505
76.3201
48.8906
5.03392
34.3171
15.4652
19.2373
82.0918
80.841
3.63398
56.8149
25.3871
61.9558
27.3881
58.4008
71.7727
21.4959
67.0131
5.93593
45.3484
118.99
15.3114
46.7302
38.9482
26.6177
48.8249
59.5023
11.0144
38.4788
17.2426
34.2241
273.188
MET does not have solution even after MET smearing.
The solution is returned as if Delta was zero ...
54.6959
20.7819
62.9164
16.632
66.5184
18.2866
65.0622
41.8434
30.4688
53.5594
11.5741
83.6234
110.957
44.5993
29.6311
25.8448
27.0949
89.6581
4.51583
32.3383
51.9742
30.7174
116.006
43.2587
8.34265
44.9427
36.4012
49.2426
42.6864
44.3422
29.8435
20.8478
27.1313
7.49235
68.2241
26.8007
119.119
50.6182
16.0076
30.2062
24.3565
51.8515
97.4372
43.901
13.4433
78.2422
15.0735
20.6507
63.1062
38.0805
37.0707
8.02347
77.5143
100.368
21.8113
81.9772
27.5292
35.0147
36.7234
2.1813
177.639
26.5428
39.7815
46.7554
56.5061
17.3931
42.5497
65.8634
44.0385
41.5233
7.48627
135.934
MET does not have solution even after MET smearing.
The solution is returned as if Delta was zero ...
49.5097
5.01361
50.4761
62.7303
63.4374
72.4722
24.9814
75.9264
20.234
52.5233
67.5014
5.15608
29.5696
26.3943
81.8983
33.8253
7.71475
31.6015
31.7883
29.1826
31.9129
1.71683
37.7726
62.7014
6.44763
9.05675
60.8873
21.5931
49.8369
52.5313
34.1699
18.6837
121.434
43.3744
45.6978
10.704
45.5507
52.0987
13.3181
52.5116
68.2669
61.0427
56.4506
60.1079
4.46319
79.0115
96.3429
69.9151
22.5825
10.4535
30.3732
37.7679
5.65001
60.9749
11.7079
40.5622
62.7487
34.6253
115.421
6.5153
50.2921
54.4436
129.96
46.4575
49.8652
90.5215
94.6704
35.0386
85.7846
15.0135
0.336785
20.1178
80.8319
102.518
2.1123
58.4158
22.3283
0.185828
78.5723
136.675
48.9016
38.9583
47.4625
121.937
45.2416
22.0557
38.1843
109.062
109.383
53.319
99.6284
29.7096
26.1293
28.1643
17.3586
23.0304
54.2196
13.3253
59.4209
45.0923
32.1767
66.8325
47.4745
47.8839
78.8563
159.903
17.8885
54.9538
14.9952
11.6924
26.3723
4.26064
9.90152
42.723
54.1349
9.64284
67.4092
26.0308
69.305
21.9872
23.0692
10.3034
30.4401
23.3715
36.9973
37.7662
40.1798
22.0852
42.5124
49.8873
27.762
52.8715
29.8714
11.0822
52.1178
21.5055
16.5596
27.5161
11.4282
27.5739
14.3603
45.0638
23.2795
30.2973
35.9406
38.1902
65.1479
20.297
46.0141
71.9424
0.138995
6.00957
15.0289
24.2005
48.6788
17.4839
174.788
68.381
93.6401
32.8579
93.6502
28.2663
90.8811
56.2796
25.3044
50.2784
8.38173
1.76527
0.812594
33.4033
49.0444
2.23936
58.7218
33.8798
5.4196
20.2092
19.807
24.3638
0.276207
69.5413
113.096
54.499
29.8617
11.6077
73.1993
26.9776
7.11413
114.479
33.1269
6.52083
27.6305
101.32
30.6063
8.9873
1.7155
69.756
11.5507
80.5661
32.9067
93.9686
98.1875
62.2624
58.3608
93.149
111.763
2.65254
17.3459
40.24
69.2756
38.0313
95.5446
108.758
53.7478
37.4399
60.0628
81.9353
14.7329
175.427
MET does not have solution even after MET smearing.
The solution is returned as if Delta was zero ...
79.8398
55.4765
42.4823
30.5461
144.633
10.7635
5.61099
3.19704
25.1839
79.2311
53.1086
12.0718
6.22963
58.1192
58.6039
147.095
MET does not have solution even after MET smearing.
The solution is returned as if Delta was zero ...
123.368
3.71708
30.2961
2.78684
66.1724
12.4622
3.71957
141.128
2.49081
21.9537
193.145
MET does not have solution even after MET smearing.
The solution is returned as if Delta was zero ...
123.024
42.838
56.5287
73.5817
1.29112
40.349
15.3314
15.3144
10.5812
39.1919
70.4735
14.6453
73.4309
76.618
30.2215
45.0819
50.6743
15.9677
13.6824
25.5135
7.55131
10.9585
24.6824
52.3394
34.1062
91.5655
42.1504
0.375029
44.1267
78.877
3.981
86.2382
64.7233
39.1475
66.4546
70.0679
14.2492
13.0478
21.0813
18.8417
27.6372
66.0821
100.336
64.7645
74.514
42.0727
38.3996
32.9594
59.3223
39.5874
27.1572
11.7035
31.5065
59.3272
138.695
MET does not have solution even after MET smearing.
The solution is returned as if Delta was zero ...
110.908
51.4279
68.5334
39.3152
42.6831
84.9633
42.1337
66.9978
1.09475
65.0722
11.8552
19.0318
91.2582
49.4349
40.3708
37.1022
72.9941
45.1585
25.5995
8.05577
52.9532
39.5072
16.3253
5.81319
18.2463
58.2964
61.1905
56.8681
109.413
4.10868
126.218
89.3016
66.7572
96.106
8.76857
106.361
44.4864
47.2696
45.8241
66.8647
32.4275
75.5119
90.0764
33.8959
10.1792
17.2243
7.3834
3.03801
18.306
31.4741
64.5554
40.7158
111.373
38.3973
61.5628
42.9802
34.1988
11.6863
104.78
52.9368
27.6034
46.297
47.2842
28.3847
19.026
12.9946
21.7031
108.777
70.0864
68.3503
65.7168
101.47
77.661
49.8933
59.6992
89.8572
60.4758
21.2499
62.425
78.8506
43.9198
137.628
88.4863
34.4392
90.4151
23.557
36.0862
26.761
4.68701
35.3542
101.725
60.0629
6.41155
24.2277
372.664
MET does not have solution even after mW smearing.
The solution is returned as if Delta was zero ...
MET does not have solution even after MET smearing.
The solution is returned as if Delta was zero ...
27.5898
4.91815
32.4347
30.366
74.6599
70.088
96.0627
38.1125
52.3343
1.50849
84.0863
6.90975
13.8772
55.2168
39.3359
69.0698
104.979
64.2687
29.4962
23.7565
46.4379
48.3177
7.49362
19.685
93.1765
75.6164
62.6251
130.373
68.4754
94.0798
43.1733
57.0294
40.7572
8.9348
3.84855
10.5524
93.6737
98.4344
16.2842
65.8445
0.196052
77.6276
66.216
37.3797
84.1387
3.08534
66.2487
90.6158
68.712
111.951
28.1528
89.0828
69.4683
73.7469
112.287
38.9994
120.353
18.6105
16.3305
26.6227
39.5616
28.5416
14.6123
45.1209
104.237
130.868
MET does not have solution even after MET smearing.
The solution is returned as if Delta was zero ...
39.9094
43.0002
0.00142247
39.1769
22.9139
21.9309
21.3139
26.0497
31.2938
15.754
22.6992
67.7843
24.4871
10.3296
43.8105
6.85622
138.026
64.26
76.6984
13.8597
60.5896
14.8951
28.5834
37.897
16.0024
27.8004
47.0296
21.0888
20.2702
65.9071
88.2499
49.6286
65.2467
30.7778
3.25043
71.0368
31.6732
45.4326
29.0522
133.065
MET does not have solution even after MET smearing.
The solution is returned as if Delta was zero ...
48.6478
42.8013
47.8895
21.6647
14.393
74.4553
37.9678
40.3782
67.9252
9.50237
14.4329
58.0839
57.841
29.2424
69.1928
56.8994
72.7471
31.8695
21.0866
31.5992
4.4757
22.0125
129.141
93.7938
37.4952
141.753
74.317
77.8554
16.3724
124.364
52.87
40.9462
39.7416
67.7597
0.302123
104.579
15.2712
33.5041
67.6913
94.8091
0.766309
17.3494
8.33349
0.781026
60.3665
22.6258
39.4507
51.5968
54.9507
60.834
23.2835
41.3503
24.9413
40.5728
69.1011
183.297
81.5461
107.536
63.9842
67.0014
45.4444
10.5462
34.4742
72.5325
7.3344
39.6621
25.9734
1.4275
5.41478
63.4404
65.6674
21.6106
61.0082
41.718
44.9405
91.4956
21.3014
21.6819
18.7095
55.5852
84.983
15.8831
45.301
7.07917
18.7009
57.447
39.0367
18.3584
32.0564
50.9161
42.9378
41.6675
29.0846
67.2205
67.7967
22.4517
66.1098
36.5187
54.6178
46.1516
74.2885
43.391
30.6778
15.0396
38.7075
67.2274
38.6798
481.984
MET does not have solution even after MET smearing.
The solution is returned as if Delta was zero ...
54.9816
31.6103
80.9615
61.6395
6.62872
57.1385
43.7092
8.38756
98.3549
51.9319
58.2942
99.8255
113.488
35.6916
50.6719
44.7361
97.801
42.0271
59.6716
19.6202
27.9433
1.43559
37.1335
75.2436
42.0531
56.472
43.8919
19.368
14.3295
12.605
6.43147
84.8942
99.8395
69.6814
29.9041
1.02131
121.856
83.1625
65.2109
22.5552
11.4901
44.6202
60.9585
106.688
41.1417
6.10923
121.207
40.9686
21.1571
8.81954
68.5952
33.7456
34.6877
31.1188
64.9786
86.4173
52.0347
66.224
28.3816
19.6409
5.53838
15.4349
16.3492
25.2978
52.7383
170.519
28.2685
123.232
76.2642
65.9413
29.2616
64.3188
82.3283
68.5407
102.298
37.6985
77.9914
65.0437
13.4585
21.032
22.5337
46.6552
27.9222
7.24141
27.3665
97.6984
49.7848
77.0235
42.0603
12.6183
39.5714
55.184
42.0037
2.27664
37.3539
32.5272
50.473
21.0141
50.413
60.2199
33.0452
155.551
50.4457
30.6687
38.6458
45.2392
74.1413
23.828
8.34472
4.59192
72.8326
18.351
64.9954
5.33327
45.7281
32.8612
104.405
18.3397
26.4152
52.0779
65.0243
54.5554
35.1361
43.0934
99.7626
54.1672
93.4093
62.4217
55.9819
100.153
55.6668
5.80057
23.9425
37.3938
7.00595
58.933
14.551
25.2495
43.6697
4.45538
41.6663
25.0688
25.0651
96.4759
40.982
26.2424
16.4005
95.5406
44.9792
11.3337
63.6672
19.8263
14.8798
3.69141
24.4342
113.254
42.7772
55.5227
14.5561
66.8881
124.037
27.7837
80.2314
22.2455
38.4466
70.6715
20.6364
38.8667
35.5503
2.62383
46.2305
31.1393
39.6032
14.1871
57.607
84.5791
6.26004
55.3193
88.2667
71.9622
2.15292
63.3417
88.0905
15.7082
10.6885
88.5914
72.797
74.7665
3.37522
20.8027
109.558
66.807
58.5349
94.2178
78.9548
81.7056
7.82299
56.7909
72.3208
31.6152
39.4632
47.6041
12.2982
66.7371
1.84551
8.34066
27.2607
16.3709
25.5672
68.8735
22.4378
3.72396
45.9572
22.4015
3.15704
13.1744
48.0649
82.2262
19.2992
59.1507
44.8064
85.3029
37.8072
8.45795
16.6077
93.8284
47.9651
37.4512
146.653
101.545
35.6481
79.1971
63.752
56.0756
40.9823
89.6632
44.037
70.6458
38.3448
87.7205
151.343
1.92159
4.06545
137.617
MET does not have solution even after MET smearing.
The solution is returned as if Delta was zero ...
84.324
42.9326
64.5293
1.40802
76.4542
15.1028
75.4254
19.1769
38.9267
91.6174
41.1065
78.5586
31.0381
1.14191
18.5933
0.0447095
79.5052
25.7007
33.419
132.269
6.43021
7.34069
53.8652
105.654
51.3474
69.6906
101.106
59.627
6.97489
7.26579
41.1723
2.77437
216.408
MET does not have solution even after MET smearing.
The solution is returned as if Delta was zero ...
79.4672
10.4367
19.721
3.23558
7.86753
61.1015
88.262
6.39879
88.3339
40.7888
29.5486
26.5355
21.7251
64.1842
130.691
MET does not have solution even after MET smearing.
The solution is returned as if Delta was zero ...
30.974
45.4806
47.714
77.602
87.1735
28.9898
337.514
MET does not have solution even after MET smearing.
The solution is returned as if Delta was zero ...
14.0216
18.1606
26.5254
11.6211
4.38513
49.3211
77.5807
161.545
MET does not have solution even after MET smearing.
The solution is returned as if Delta was zero ...
19.0043
43.1641
28.4251
11.6384
80.4227
59.3768
11.1625
144.489
MET does not have solution even after MET smearing.
The solution is returned as if Delta was zero ...
17.3613
24.1921
66.7333
65.458
10.4278
26.3935
143.933
41.9415
39.1477
28.6339
30.4762
89.3905
29.0343
76.638
71.052
56.6287
13.145
3.84881
71.0459
109.7
119.401
4.22658
41.6301
86.1418
63.3214
38.3096
115.703
31.6358
39.7392
59.2682
70.7855
119.113
92.4791
32.1829
59.6288
30.8395
40.4315
83.6633
53.6514
47.927
69.3053
48.399
71.6515
61.4469
25.343
14.9135
16.808
46.9364
114.213
10.0123
60.9791
74.383
39.9875
75.7634
26.3346
23.233
19.8922
62.4255
103.9
82.5736
13.5472
26.2464
53.6026
140.239
145.429
178.962
7.1602
10.4684
6.94992
59.9849
71.2306
73.1521
104.448
4.15883
68.3856
96.3806
0.938676
50.8916
28.6535
26.4673
41.302
33.0833
194.515
11.231
23.3906
43.006
3.01959
45.1579
84.8312
47.2787
32.041
130.552
79.9226
16.3564
91.3933
55.2099
2.96698
80.8507
5.69799
13.1703
68.2325
63.3269
24.4794
100.889
62.5452
32.78
68.3753
4.23137
28.6551
38.7075
45.6375
29.2494
257.118
MET does not have solution even after MET smearing.
The solution is returned as if Delta was zero ...
61.8012
11.9165
60.2003
24.4917
26.9944
9.65615
27.9672
54.639
63.2361
41.587
36.6927
105.675
40.1124
128.645
110.665
45.7446
64.6575
33.5609
20.9922
70.3536
69.1957
20.2373
79.6477
59.9042
11.078
15.6966
0.239418
124.973
48.7042
35.9192
1.79511
32.8689
22.9475
144.957
24.3309
33.696
50.0775
109.312
9.61953
86.0282
95.5139
1.75926
60.9002
80.544
45.5821
9.31405
58.0196
2.21883
3.85405
5.59678
51.965
32.7954
80.217
32.9292
41.3687
16.6482
38.5723
49.022
13.479
14.0044
30.0376
80.3878
82.8499
57.6504
56.2624
60.4287
10.7449
72.3055
5.6486
128.619
11.2737
39.5565
47.2045
80.0677
62.7902
49.6454
33.9296
33.0868
24.9619
14.481
41.5577
65.1143
31.163
84.1026
9.67716
40.2522
56.6207
7.78139
102.492
10.6538
75.7186
122.772
154.365
MET does not have solution even after MET smearing.
The solution is returned as if Delta was zero ...
116.05
61.5767
26.0949
93.2758
49.7158
2.81945
68.3124
70.2005
65.1819
50.4176
56.4903
57.9407
11.2371
43.0462
34.211
21.2063
51.3684
1.9347
0.995649
101.045
34.8828
110.436
108.743
17.41
16.2848
43.997
29.3702
25.2867
21.6975
29.7608
14.0325
119.229
84.5024
58.5612
7.15611
15.5243
70.1096
60.4482
37.718
67.6467
79.0245
21.2678
114.324
48.1313
64.0227
17.2877
49.0071
53.8747
66.0751
95.9345
10.4858
8.51685
60.8949
13.4733
21.2179
22.4386
81.6944
29.544
72.5957
26.4373
29.9125
2.35376
27.2011
13.5696
20.5002
38.4523
64.5973
60.3443
17.0053
42.0785
52.1147
52.9739
24.2488
21.3277
82.7905
48.4887
64.667
13.256
11.2999
69.6976
91.8937
27.9469
1.93394
3.69024
20.6869
27.0524
116.719
84.8193
82.4095
28.8166
73.7985
67.6761
82.9893
102.406
53.7346
90.3385
6.29772
38.4322
26.5884
2.27577
76.6974
5.70553
23.2974
50.1291
75.9493
0.780661
30.7511
23.0644
74.0748
57.216
17.75
36.9932
28.7523
57.5053
40.3751
68.5949
73.4079
81.1646
41.2652
39.239
64.8292
38.676
60.1697
93.8603
119.464
21.1666
47.8251
11.7784
33.7787
32.5945
21.5087
60.6428
5.65753
54.4443
4.18459
60.7448
73.1104
49.2145
5.86144
43.0287
62.6385
16.3136
84.2754
80.5827
52.3628
70.4829
24.8079
63.7364
21.9619
60.9461
112.495
58.6076
22.6225
36.522
37.2717
38.3387
5.85529
34.0608
82.9603
3.26334
23.7555
71.5431
79.1672
117.981
25.2142
10.559
14.9268
99.5708
4.37774
39.0686
106.999
11.6217
71.7642
46.0808
51.4851
8.25404
18.3656
47.1356
21.945
6.65905
31.1798
39.621
29.3922
37.0503
109.279
46.3982
15.9733
13.5506
52.3905
66.0897
105.863
89.7437
20.6003
84.4347
53.0743
57.2812
83.9183
81.75
90.5217
12.7472
116.723
212.968
MET does not have solution even after MET smearing.
The solution is returned as if Delta was zero ...
117.642
1.57708
22.6127
83.2807
127.117
90.6451
77.5202
77.4811
39.5162
1.5707
54.6035
69.9475
65.9839
69.2028
17.8767
53.4593
116.769
28.4806
66.2672
9.61511
36.4426
149.112
51.2836
48.1225
49.0285
38.6333
86.8664
68.8319
31.1809
43.4968
36.9434
74.5242
38.1209
119.608
66.9823
29.7253
65.703
99.8237
37.762
51.219
35.1248
96.1199
152.239
MET does not have solution even after MET smearing.
The solution is returned as if Delta was zero ...
65.2027
20.0382
34.664
19.1643
87.0938
42.1157
23.642
85.3476
8.89782
51.1607
34.9412
161.257
MET does not have solution even after MET smearing.
The solution is returned as if Delta was zero ...
13.0154
47.5421
27.6814
16.6068
106.95
62.0019
193.904
46.6715
122.218
85.6284
35.5888
45.8142
32.1373
52.3736
4.20332
31.7598
106.946
20.3321
37.2488
64.9048
16.7111
64.288
49.8117
79.6658
7.73487
67.929
44.716
54.4228
15.7619
70.9738
46.2667
45.0114
85.0811
32.2012
46.9342
22.6211
100.695
37.8823
94.1419
92.0265
38.654
65.1851
9.95959
20.9755
28.1405
10.3377
16.4078
22.7532
54.493
20.3186
39.9909
30.9434
33.1605
167.352
MET does not have solution even after MET smearing.
The solution is returned as if Delta was zero ...
36.7318
111.032
86.1482
29.3531
171.278
7.19153
35.7917
62.8023
31.2825
22.3664
92.5157
13.3843
74.0053
73.6422
0.413842
23.4825
59.7942
32.1785
27.8065
37.1403
22.8743
52.8988
1.20678
19.0152
66.2837
40.7467
149.973
6.44817
73.9823
84.2265
55.2764
35.0065
69.7482
171.993
MET does not have solution even after MET smearing.
The solution is returned as if Delta was zero ...
87.0494
59.9361
124.979
87.3839
156.365
59.7146
2.66595
53.7777
35.4719
48.6542
41.2558
63.8662
9.92009
46.7649
76.1801
3.20268
112.052
88.6736
50.3397
17.8856
39.4738
4.74381
61.3931
7.60495
29.0874
4.48653
124.236
43.8684
39.98
98.3062
3.99141
70.031
52.9986
72.1612
79.1741
8.37261
95.2727
19.7398
125.74
34.8841
40.6419
55.4217
89.3246
10.9479
100.628
103.586
84.4283
25.154
62.9837
44.4559
55.5113
45.7221
35.0472
33.4261
23.1392
69.3872
60.5509
20.1389
74.4512
25.7072
62.6727
3.18792
62.6128
13.0162
41.7821
40.1744
49.3763
0.414056
137.434
33.5169
13.2292
6.08988
16.4082
164.657
MET does not have solution even after MET smearing.
The solution is returned as if Delta was zero ...
0.988698
210.427
MET does not have solution even after MET smearing.
The solution is returned as if Delta was zero ...
54.0662
96.0293
16.0965
28.3566
63.2221
79.1234
25.8737
1.10554
17.5123
26.8683
95.6971
35.2804
25.0696
83.5616
83.1493
15.7535
137.38
9.48033
21.3139
83.918
51.1404
40.0808
10.2307
34.5212
56.7577
37.4512
15.4317
31.2278
35.6563
78.9781
56.1967
132.294
81.1151
15.3226
90.0394
28.5428
29.0279
5.01751
34.4925
21.2516
30.7494
43.9041
21.1628
19.4527
35.8651
71.5992
30.7313
43.3512
27.0082
12.8806
87.0278
31.5254
82.7591
33.1024
38.6893
71.4185
3.21096
94.5515
8.74761
87.5801
34.7802
49.5941
31.584
16.3084
24.7011
92.3798
38.6678
28.0733
66.7738
66.6964
26.7152
14.5271
15.9298
17.2063
24.4655
12.5285
49.7141
1.82754
18.1833
49.9137
27.1603
30.0528
28.2155
79.4413
32.5455
81.2332
25.5668
92.6351
2.39282
146.389
44.051
21.9592
19.3751
46.2439
6.75869
38.7994
25.3429
38.0741
27.958
12.4309
119.135
28.1856
58.8663
30.4869
72.8967
9.99951
34.1905
17.4987
83.1652
78.8058
48.843
105.97
2.16782
18.9375
61.4869
77.4815
62.7866
67.9011
2.12827
43.9901
87.0613
16.2726
5.32483
55.4114
13.8001
15.5552
42.4671
84.0838
51.5495
3.07439
25.382
13.6705
44.211
59.129
79.7914
33.8027
90.023
0.654298
14.4556
95.0382
19.4896
95.9055
131.521
35.1346
48.8748
43.0485
64.0777
63.1672
3.93612
35.9643
46.2354
8.96078
46.9018
84.7165
82.197
23.5573
48.3563
90.4788
75.7685
24.0408
9.69318
87.1574
16.4313
57.5052
24.0293
71.574
55.1438
6.57277
85.9728
28.6325
14.9229
101.909
10.5023
73.3966
31.8109
42.824
35.1946
72.9026
77.619
58.4975
38.6904
57.6649
11.6417
79.0708
14.9454
14.7185
9.67719
49.7719
28.454
74.1423
35.0992
56.7471
52.4661
26.7769
56.3218
27.9717
0.212102
20.3807
110.641
27.225
93.454
71.1946
20.9632
26.4883
58.5279
44.5363
44.749
28.4272
77.9866
8.58534
83.7301
64.1429
21.1546
47.9317
63.0536
29.3397
74.0252
49.892
94.1528
44.7216
2.75159
86.6025
73.5476
66.0354
16.48
81.7753
26.8687
71.9102
46.5573
51.1013
48.8948
55.771
20.0332
30.7055
82.2752
78.1843
4.77069
26.2646
117.588
83.3866
23.7509
17.1985
1.72118
81.0336
51.7172
61.4353
10.9602
52.5391
96.9756
20.2981
122.041
21.169
30.9589
283.635
MET does not have solution even after MET smearing.
The solution is returned as if Delta was zero ...
36.363
134.934
62.4579
16.2769
16.8074
23.4495
60.714
60.8337
29.4402
75.7995
13.8868
73.8322
85.2009
7.67116
40.1237
28.1173
68.8694
69.4454
52.5721
61.1627
38.3727
61.0141
9.62655
69.3482
58.2658
29.7473
22.2108
34.3796
112.89
40.1282
1.90723
22.0085
72.5095
55.4572
47.8516
23.2858
52.658
29.1854
27.3555
40.1112
2.17222
25.9896
58.4903
0.445747
76.9428
117.917
61.9599
85.1046
39.7249
42.5596
12.8729
84.434
17.888
42.5301
51.8755
46.8917
6.58229
17.8178
62.4335
59.2419
51.0779
72.767
5.34694
44.396
4.24719
32.3085
87.4986
26.9274
12.9577
8.61823
227.56
MET does not have solution even after MET smearing.
The solution is returned as if Delta was zero ...
61.738
8.95909
184.632
MET does not have solution even after MET smearing.
The solution is returned as if Delta was zero ...
8.22653
133.651
34.6672
55.5347
1.62652
32.364
38.9322
81.5085
27.413
69.6739
84.9435
9.90896
1.02936
40.4485
13.275
83.588
37.0222
25.2102
52.8322
54.5728
16.0837
22.5112
44.4639
62.3812
89.117
9.94905
9.13627
92.3103
16.0843
71.6162
49.8893
13.3641
84.7599
63.7858
21.4089
61.6912
59.9888
103.52
111.327
70.172
44.8186
23.3349
93.6721
52.7145
48.1021
15.5856
4.35733
16.4089
56.5751
12.6392
46.6545
19.1454
106.183
28.6202
55.1186
44.2828
9.68655
115.262
37.7989
60.3979
79.664
9.41613
103.041
27.2796
67.7648
155.838
27.2761
110.136
114.098
10.02
35.7548
6.52336
51.3398
37.9716
51.3407
28.0435
75.0514
42.1027
60.9227
49.707
10.0473
9.76371
46.0088
45.4074
44.2579
48.4708
16.6669
22.4938
0.421557
48.482
39.9381
59.4722
107.912
52.6823
34.4054
95.359
4.25265
38.4842
215.617
43.5632
39.9484
93.9325
21.106
81.4538
40.6248
32.6696
45.7559
60.6359
3.56376
79.1898
39.7108
63.89
8.28776
18.585
26.56
91.2809
147.895
MET does not have solution even after MET smearing.
The solution is returned as if Delta was zero ...
21.0195
75.1866
28.8233
18.9127
84.5078
74.5121
42.444
44.935
102.826
38.7589
41.569
69.9062
21.5035
24.5537
65.5944
40.2967
45.6513
47.1134
27.889
29.5385
1.95645
35.4106
17.8795
28.1742
1.41605
56.9322
36.5074
34.5645
18.0845
121.535
52.1307
4.79806
51.0284
17.8374
51.2329
3.11229
27.4858
7.86262
0.910053
2.13634
17.8527
21.4168
89.0178
27.7214
43.5291
20.7578
53.3699
18.0861
84.531
47.0464
27.6646
26.1052
67.416
94.6753
40.5877
18.1474
80.0072
7.59301
46.0279
60.1546
52.3687
58.6497
19.4587
28.5084
30.817
31.5726
62.86
17.9799
42.4011
65.1344
95.8968
87.9098
50.4231
44.0003
77.1347
146.619
22.7789
64.7332
19.7175
19.8103
28.9939
89.1643
55.946
37.4474
4.97387
31.0517
46.0847
47.8144
3.0226
65.8741
61.9565
74.435
24.0647
36.666
80.1753
84.2027
71.3016
38.2542
18.2984
18.1228
44.2689
63.2174
401.787
30.4462
66.8559
34.3695
68.4395
2.48162
7.97182
6.28599
15.0618
18.4822
59.8317
59.6388
70.9443
50.0718
20.4396
51.4134
9.18168
14.789
before closing file input /home/nadjieh/work/samples/postMoriond/Aug2013/ZZ.root
before endjob
