**************************
SYSTEMATIC SITUATION: 
**************************
JERUP SYST
**************************
file number 1: ~/work/samples/postMoriond/Aug2013/ZJets.root
I am in tree = 0
inDirect
treeName: ZJets_2J_1T_JERUp
ZJets_2J_1T_JERUp	0x282f570
0x282f570 tree afterward
ZJets_2J_1T_JERUp
1256
20.9817
108.261
88.3917
19.3426
75.3879
67.8359
41.2523
109.574
53.0888
2.95116
64.2107
44.9216
25.2454
69.8664
69.2555
31.4328
39.7129
89.5534
21.7509
61.1397
17.9875
80.012
57.51
66.7424
58.9393
69.628
16.0999
8.10896
37.5531
25.1281
63.2569
19.8767
49.9997
55.5798
103.455
72.739
40.7684
71.2671
93.1813
9.82538
4.85304
7.03005
79.7202
21.5717
125.622
25.3135
35.2274
38.0036
75.9957
7.54388
14.621
60.6061
15.6229
107.738
52.6891
171.919
MET does not have solution even after MET smearing.
The solution is returned as if Delta was zero ...
54.2777
35.8341
96.2676
4.57042
54.4847
24.081
45.2458
3.5181
29.4123
49.9432
54.5878
72.903
36.1658
35.2247
32.3966
15.9727
35.4438
29.8129
4.47747
12.0104
19.8783
69.7022
72.708
5.66751
38.7652
26.3897
53.8962
19.4552
75.1498
22.6114
40.8267
9.55193
19.5136
101.116
12.3993
86.1894
54.8702
72.7092
17.7876
41.3373
36.8446
84.473
81.6558
30.3083
63.3324
19.4226
51.6677
54.403
44.8412
105.703
64.9241
15.7562
69.9018
109.599
7.87488
45.6779
38.2267
57.4
9.7473
67.8464
115.273
56.8088
24.7529
76.1354
59.7861
58.4966
23.0553
85.5134
62.609
4.77578
74.4739
56.4701
32.2145
66.5465
19.437
104.529
41.1231
33.7535
88.9312
2.271
79.321
15.8362
79.6359
23.8925
23.1939
14.3622
44.2981
4.91927
64.1207
21.3903
0.449146
9.16464
72.0586
1.99784
28.4005
24.2114
98.7871
5.61573
26.9395
16.9865
30.6186
11.1917
36.0018
58.0377
71.5026
70.8377
2.64581
66.0268
65.0944
45.3687
29.0834
8.47738
6.27508
50.9781
77.0403
65.3987
59.6616
12.2716
53.4631
30.9494
79.635
54.281
78.7289
20.2224
36.1878
63.8636
21.8489
17.7976
15.0489
16.0236
54.9664
41.2944
11.387
30.043
10.6541
21.6624
100.721
34.1781
59.4774
10.4553
40.5899
1.54225
82.8583
30.8378
7.70339
64.0843
120.882
41.224
65.8456
14.408
16.4908
52.5773
29.944
31.9245
57.5022
63.6013
76.8661
156.944
5.83141
48.32
12.8158
9.73591
59.6938
10.8616
70.6047
21.6269
19.5063
6.84954
86.7958
77.9454
38.4196
12.8104
40.9581
71.7365
25.3364
51.5973
0.570642
5.23913
24.0088
71.0692
6.43941
19.0604
50.1783
26.1947
4.16942
30.6258
2.09163
63.6856
52.6561
15.805
81.6634
20.2918
43.5439
82.6691
20.7656
12.6361
37.922
34.2546
66.2385
57.6754
21.2615
12.8938
72.6242
70.5593
34.774
18.5293
27.3166
51.6025
26.7007
15.5712
54.4256
7.69325
26.7173
12.832
8.82671
125.838
41.7989
43.8917
78.2757
80.4734
21.3246
43.3041
14.0147
8.18711
103.565
27.031
90.0676
5.3224
26.7466
12.7787
115.463
104.097
32.5436
24.3069
0.338396
57.5148
2.30719
14.3791
128.441
38.8474
28.034
70.3879
4.95859
41.8702
18.6392
11.342
92.2438
8.47223
21.2648
46.1239
50.9472
18.5896
55.8839
118.837
20.2118
2.02778
98.1312
2.76033
30.1179
2.43318
66.3113
3.21152
96.9064
11.6651
17.8892
32.8454
20.6384
1.89489
13.9029
105.153
104.155
27.6765
53.4869
60.5626
7.76088
18.9532
60.1583
63.3345
37.47
1.49129
18.9878
50.3098
3.48616
43.3549
8.06692
38.3544
53.4426
13.7266
5.84132
8.40009
68.4725
38.6164
51.7856
27.1161
86.925
52.0121
63.42
32.0194
61.8542
17.0832
107.427
60.0616
112.721
105.877
112.256
13.6633
53.6125
26.224
9.38527
55.3269
35.9497
31.4377
27.2563
28.0478
108.028
97.5377
37.2543
71.2723
19.043
0.267724
43.4394
45.468
46.2631
81.5513
34.9304
32.2848
10.3333
2.42035
23.2352
11.2293
291.257
96.495
38.6032
43.546
2.63138
15.7037
22.2432
57.5706
38.8067
18.1093
53.0453
149.048
73.5145
86.7229
33.7155
39.7344
78.3574
27.6689
24.5278
27.187
95.4728
27.1224
108.562
11.7872
37.6585
0.292174
7.84157
45.3692
153.272
MET does not have solution even after MET smearing.
The solution is returned as if Delta was zero ...
75.7077
46.9807
104.182
21.8742
59.8167
6.68314
122.502
40.1701
4.16422
33.0719
3.5408
34.0969
18.2091
43.532
44.5295
14.3878
15.9664
14.2346
9.47808
47.4014
15.079
41.1547
76.4154
5.00171
33.9301
82.7646
123.928
36.3275
35.1964
65.4442
58.4227
51.9011
19.5451
34.0304
57.7088
68.8157
53.7707
89.1729
27.5302
6.78309
25.663
126.612
36.0195
71.2138
33.695
54.5406
112.243
65.3833
7.9187
18.655
76.8934
10.8787
42.1358
37.283
16.7297
19.8937
11.0916
66.3664
66.0324
15.2275
35.8677
34.0652
36.6235
159.574
MET does not have solution even after MET smearing.
The solution is returned as if Delta was zero ...
54.7941
58.5053
71.2073
11.8017
25.9445
46.9075
33.7725
72.1915
44.0778
47.6436
30.055
43.0186
39.6764
54.8478
49.12
46.9277
23.999
92.2937
60.4076
43.2635
47.1325
179.758
54.7891
0.0893508
24.3109
39.4201
46.5388
60.8107
23.9011
44.4433
71.9383
61.4837
26.9558
158.045
102.534
47.7142
103.289
59.6205
4.60999
34.3661
7.95947
2.02293
30.5238
41.3361
33.6796
55.6358
102.09
28.5
7.016
41.4476
22.1219
9.85419
19.9832
68.9792
49.1994
108.325
21.7249
75.3739
23.8194
66.8609
30.3922
28.0434
59.6895
44.8841
65.7957
0.171107
73.1143
13.3296
88.0805
66.2178
73.8492
14.7429
34.1272
7.42467
5.57962
74.9336
109.769
38.5429
33.2219
94.2103
43.3704
46.1047
6.76201
98.3936
68.7826
112.329
7.79861
96.5543
93.6714
89.8852
13.1967
39.8093
19.7383
75.1536
39.3634
37.2904
78.916
48.6735
61.0784
41.689
92.814
46.1297
55.218
37.3579
46.618
2.41929
53.2099
10.805
42.498
20.6679
3.42153
64.1413
71.1068
90.2977
95.2895
26.3706
47.4832
21.1386
66.6565
24.5411
45.7891
18.1525
54.3033
18.4668
120.053
20.3961
20.3492
8.98896
44.8496
146.688
15.4398
62.2712
69.2785
50.569
7.34366
19.1217
11.9478
77.6245
41.9591
39.2376
58.7864
39.0781
57.1704
58.1325
68.0789
14.9807
27.3715
8.2789
35.1142
37.1166
55.7576
37.1507
54.618
1.39102
14.3981
31.314
30.9285
47.8958
80.4044
0.987926
69.4593
43.8723
9.47967
48.8783
165.274
MET does not have solution even after MET smearing.
The solution is returned as if Delta was zero ...
16.3433
77.5225
109.431
52.3543
34.1081
28.5579
16.0297
33.7164
86.1065
10.1465
92.2795
38.46
61.2634
49.8318
16.5368
8.93371
84.4177
69.4711
97.5052
33.0563
127.248
36.2653
58.9842
58.5642
24.6667
36.5568
5.20263
47.6387
56.9373
103.081
19.3673
12.8678
22.675
131.02
MET does not have solution even after MET smearing.
The solution is returned as if Delta was zero ...
25.4149
3.93029
88.5529
68.8311
43.8734
29.8763
78.5174
82.8943
19.9981
192.989
13.6006
54.775
84.5294
32.6221
35.547
66.8634
54.6479
27.1002
6.89646
48.6499
145.653
MET does not have solution even after MET smearing.
The solution is returned as if Delta was zero ...
106.081
54.8499
96.6164
99.9569
22.3033
35.2665
10.9785
10.6329
45.1979
0.26472
103.334
47.5012
73.5258
28.8823
8.89306
84.7346
40.4593
25.4745
61.0968
53.2125
27.9343
104.437
82.7852
21.0612
14.7061
45.0089
54.7812
51.0272
25.9993
53.1223
130.731
29.84
21.999
82.1657
6.0469
34.2796
83.053
28.4422
56.3147
24.843
109.964
100.086
51.9702
44.3004
92.6323
30.0278
62.7254
36.0713
76.1622
65.3816
49.5878
4.19561
29.2719
73.9396
68.3527
100.195
19.468
43.1876
54.1094
49.7959
28.5156
114.568
77.4152
1.76686
82.1854
62.5056
37.3612
11.464
56.7351
16.0764
22.8795
29.204
24.2491
63.9479
46.7195
88.8395
19.5886
11.1922
52.294
32.7736
49.8756
17.4703
105.024
61.7412
89.9174
36.2671
15.6237
39.1489
109.315
47.7937
64.8035
74.0294
125.183
14.2334
11.8968
22.3481
73.0752
95.6486
3.11067
128.292
10.4803
81.2717
55.9209
10.7644
41.5256
10.0352
51.7552
23.1005
10.6992
17.2203
21.2976
53.0784
33.2556
66.8345
101.284
13.2998
63.5018
35.5343
22.8172
55.5041
12.8635
64.601
49.2736
22.0528
34.8571
43.0398
6.13161
0.0636287
6.96817
52.0404
18.4714
130.215
33.1348
6.59328
57.4876
15.8441
23.7775
26.3012
34.9436
91.4652
5.92718
73.6927
8.89854
72.0515
36.882
91.0818
70.2759
6.25342
46.2217
29.3103
6.15981
23.6434
14.719
98.2268
10.0719
14.9571
38.886
32.6613
81.5619
45.907
20.7625
8.04706
41.5214
89.2644
94.7573
23.8752
27.2133
38.332
60.9859
101.842
28.7512
26.0117
57.1265
98.4424
81.453
15.6864
5.34722
6.90344
101.449
32.8042
61.7566
47.1145
103.018
80.8457
80.215
35.6167
88.7945
18.4535
95.3829
23.4913
91.7256
54.3209
10.6776
32.7078
7.43291
23.3558
60.7104
14.5954
29.8357
25.7366
247.442
MET does not have solution even after MET smearing.
The solution is returned as if Delta was zero ...
23.8126
69.2363
73.6386
78.5702
80.6283
44.9744
2.79116
55.5107
71.8367
71.9337
74.2692
0.134813
11.9752
60.8502
17.7579
34.5347
69.7235
53.979
28.4933
12.9851
45.1127
25.1931
41.4305
29.4339
36.691
43.413
7.70843
56.9126
113.325
47.3814
84.805
101.92
120.963
37.5812
92.2137
84.6991
47.9997
41.5859
85.2288
5.91811
93.4553
47.0935
67.6077
12.4344
59.1756
14.99
75.1963
63.9543
17.4689
34.7108
16.2797
51.4349
41.6413
104.762
46.5027
104.726
40.8165
49.2136
83.8587
51.8841
38.3998
49.8965
52.118
11.9765
110.482
3.06289
101.084
55.0721
47.5041
6.76564
44.1229
16.5127
15.5456
52.3276
42.6212
98.5753
59.7766
0.450079
36.4132
59.556
104.318
81.634
7.17255
14.1707
61.0285
28.2539
78.8668
21.3919
56.3017
36.5465
15.7777
78.1211
72.267
24.5196
51.7962
35.5602
1.19977
8.15315
87.4721
61.0361
5.98702
18.2089
13.2299
16.9297
67.4964
112.44
14.6916
7.9675
86.3503
24.6317
125.31
102.374
34.4372
63.135
30.7194
32.089
37.7373
53.7578
124.587
17.5749
38.7895
67.2505
34.7904
12.0156
2.70877
81.1047
18.745
23.3285
64.3464
74.6311
71.0451
106.556
77.8862
72.2542
132.001
89.3659
13.2028
50.1155
77.6503
7.20525
38.9319
77.8722
20.9374
44.3486
14.7282
107.197
45.1326
10.8131
26.0911
64.9286
41.8263
81.6696
65.2574
34.7716
47.64
10.755
72.0969
41.9879
21.5487
2.46979
51.5046
37.155
42.4308
60.3336
73.5785
8.96507
55.3241
48.9583
57.797
38.8213
26.8609
48.6978
70.0935
22.9861
30.6922
9.05424
55.5303
21.0909
12.1287
59.2312
2.02346
47.2855
30.9985
0.934747
69.614
33.9783
80.9958
39.4071
28.8418
25.7043
77.9205
63.8377
54.4246
43.3293
54.4253
131.788
31.0037
6.56616
1.33997
37.9707
34.9474
30.6994
44.3341
71.6012
50.4861
14.0326
68.164
13.4072
108.564
51.3326
80.1138
13.122
89.3368
44.7164
61.7058
45.793
122.321
40.3225
83.1964
13.9663
89.0851
38.5179
40.7092
62.4161
74.8007
49.2649
24.0931
22.6804
65.8941
77.6907
99.7789
53.2489
6.31111
45.6382
51.617
83.9488
46.4677
11.5958
36.9141
92.8952
18.8317
37.3012
19.6667
6.59042
121.277
0.332408
100.34
85.7758
49.4016
19.2528
54.0863
70.0335
59.8909
19.0661
22.1675
36.4066
5.22204
7.93669
37.6118
33.9797
52.174
65.3438
49.7052
89.4987
36.3315
17.5294
61.147
93.8734
28.6105
32.8186
9.5596
5.97779
58.7948
59.8286
12.9871
78.0481
17.1355
4.50639
40.9329
22.6089
41.6437
5.13013
18.8065
82.9374
49.6328
39.7515
84.4959
56.1959
97.0928
60.4828
43.2193
1.36741
46.589
42.3042
69.729
63.6345
74.9596
39.4097
21.1032
13.1312
41.662
73.21
70.0076
31.463
26.1062
14.8066
48.1667
77.505
106.494
37.8329
87.6773
7.13257
52.4898
52.8408
53.7581
89.1783
29.8151
56.5405
23.2673
26.378
48.6356
24.9558
6.26808
9.19122
35.54
71.6896
26.6555
39.4572
61.4963
25.9489
61.8822
39.7214
42.8738
106.029
38.0208
31.7159
13.7254
48.1835
25.8598
75.4842
35.1727
132.045
26.304
45.6791
22.3913
4.60431
18.4718
43.5011
43.9164
45.0483
71.2643
4.57024
55.9111
102.574
68.0217
112.045
before closing file input /home/nadjieh/work/samples/postMoriond/Aug2013/ZJets.root
before endjob
