**************************
SYSTEMATIC SITUATION: 
**************************
JERDOWN SYST
**************************
file number 1: ~/work/samples/postMoriond/Aug2013/ZZ.root
I am in tree = 0
inDirect
treeName: ZZ_2J_1T_JERDown
ZZ_2J_1T_JERDown	0x1ce00c0
0x1ce00c0 tree afterward
ZZ_2J_1T_JERDown
3296
10.4743
10.4448
76.4027
13.4148
52.3199
50.5064
34.8458
77.2505
51.8934
59.0381
69.8586
136.421
38.3087
40.1496
24.4737
85.1053
60.0513
91.0366
54.4629
26.9449
29.3157
75.108
72.5476
50.7356
8.13539
143.277
MET does not have solution even after MET smearing.
The solution is returned as if Delta was zero ...
71.9026
74.5608
3.2882
0.0834381
60.8118
27.7513
8.73291
48.4037
57.9879
30.4591
10.5367
80.751
30.2707
8.9002
5.88791
51.1603
0.662182
49.5739
45.6223
46.4084
42.2805
78.35
52.747
25.2062
45.4439
26.8078
18.6714
29.8496
70.2493
126.313
65.1584
40.4202
48.0235
47.1592
78.2597
76.2761
10.7815
54.4655
5.63562
0.625001
56.7277
49.1032
83.1478
5.90899
26.5871
74.379
42.1927
13.8563
62.945
51.52
45.7306
24.3682
85.2277
14.1478
47.426
26.1807
33.2098
101.448
28.6174
44.8471
38.0893
111.548
56.0566
59.8822
73.2856
34.2203
65.2685
41.9459
34.1043
1.08327
65.507
10.4451
50.5158
20.3834
130.428
18.9891
54.7314
95.5205
74.9502
90.489
19.195
93.8762
20.6721
46.3834
13.3061
70.4382
90.3649
9.57412
42.7313
47.1009
36.7684
32.7471
73.8752
8.95565
16.3669
3.03133
49.9566
78.6925
190.929
MET does not have solution even after MET smearing.
The solution is returned as if Delta was zero ...
51.1946
25.2669
29.4415
114.92
14.367
35.8592
52.8711
123.506
19.4209
60.1268
52.6633
62.9135
71.9871
34.3801
42.6083
19.734
35.0727
49.1809
3.34663
90.9725
31.7768
83.2278
113.935
43.5543
70.3286
40.2147
35.9686
134.195
73.2854
60.6488
77.7601
74.8424
48.6758
49.1569
41.868
30.2708
77.4865
13.6184
26.5404
55.3348
29.6038
24.6528
83.3848
56.2189
39.0774
68.503
100.333
71.8765
102.663
51.7431
22.5404
72.1555
38.2086
24.9838
33.3277
17.6491
62.1133
1.19879
23.4336
3.58931
16.0083
4.97575
32.4574
120.349
57.3854
29.7504
42.8019
38.6282
20.0382
7.14895
62.5555
18.9402
58.8445
52.0568
29.877
59.1654
83.8292
61.4804
42.6985
28.9461
88.6575
2.33769
8.4986
55.581
30.6243
60.5393
34.9582
9.86577
7.01908
22.0632
50.4526
122.711
16.6259
51.7922
26.8172
67.9267
99.8019
109.552
14.736
16.4627
139.493
49.4277
90.2301
38.0347
31.7988
44.0353
3.47516
41.1839
55.6652
95.9222
102.42
6.57603
30.5569
3.29416
55.1113
15.1506
3.88191
41.8694
42.0693
68.5163
74.3975
71.2906
30.5128
193.7
MET does not have solution even after MET smearing.
The solution is returned as if Delta was zero ...
27.3254
8.24835
20.7334
13.4707
21.565
83.7645
49.9504
83.8127
68.3882
66.3854
26.2151
6.5649
102.066
51.2477
31.0811
42.5852
268.359
MET does not have solution even after MET smearing.
The solution is returned as if Delta was zero ...
28.4555
43.2501
28.3845
34.3322
62.6248
27.0109
76.708
38.0818
50.4588
42.4415
48.3015
74.5197
45.5499
38.9624
2.01963
28.1196
30.7995
87.8958
108.388
53.6481
0.51665
29.8942
17.2604
9.93112
5.25407
38.5448
69.7308
49.1689
92.3458
8.09917
75.0979
33.505
2.89993
14.5461
13.9099
95.405
12.3346
24.4618
102.622
26.0834
54.6401
21.9951
54.4079
40.3405
104.095
8.2992
31.7639
12.1138
41.6782
53.0205
63.9422
27.7632
29.292
35.5517
33.6928
21.7044
54.8507
38.4616
44.234
56.9664
80.7903
189.179
MET does not have solution even after MET smearing.
The solution is returned as if Delta was zero ...
12.9414
140.935
65.2612
28.8381
58.1024
49.7348
38.8122
63.0715
4.19678
66.5295
34.7606
52.5749
68.4381
6.68741
59.8179
55.1645
31.3101
2.34088
26.1322
110.108
168.349
MET does not have solution even after MET smearing.
The solution is returned as if Delta was zero ...
47.7912
53.1791
100.048
76.6923
34.2879
21.1781
57.5595
182.409
MET does not have solution even after MET smearing.
The solution is returned as if Delta was zero ...
65.8555
47.7933
43.7078
15.8381
6.01115
8.59021
8.76947
40.666
4.66933
42.4828
26.4146
50.0288
78.998
21.8729
9.7009
65.8651
39.1567
0.692928
5.39847
78.4361
39.4023
15.1454
98.3432
22.7345
28.1465
48.497
41.7603
3.11949
92.2431
72.6791
13.6959
65.6454
104.302
145.912
37.6385
1.08299
20.3708
12.1698
16.134
73.1112
14.09
25.3921
31.3082
21.6631
19.9399
90.5074
94.485
16.5334
108.886
7.1874
33.6711
74.1305
56.9387
63.702
73.0259
120.062
84.0984
44.7341
31.739
62.0587
3.90098
84.9874
44.3609
71.7449
98.5512
105.518
44.761
152.121
114.296
24.9634
2.84579
151.122
MET does not have solution even after MET smearing.
The solution is returned as if Delta was zero ...
25.8849
48.0144
30.0294
50.9547
10.6228
66.1324
106.948
23.9779
82.2944
5.50557
80.3381
31.447
57.5562
41.1214
122.654
4.91411
96.0291
48.9823
24.3569
47.8783
89.1148
172.463
25.471
57.7311
45.705
36.0227
11.531
42.8296
69.3267
43.3159
76.4406
37.6097
5.16984
28.7854
54.7732
31.2987
122.012
49.8862
33.5123
112.914
80.0279
33.5576
35.5754
40.9515
8.33282
63.5089
50.2262
79.0108
16.7971
18.025
42.1142
43.9915
92.2136
21.7376
40.5832
78.6155
74.3231
59.8008
25.4575
41.2989
68.6075
10.0187
61.0481
9.43711
9.07856
74.089
39.9188
20.0382
55.7625
15.0543
34.6313
101.209
138.576
3.72013
32.1396
53.6484
1.01434
3.9603
69.9172
45.1682
51.6706
21.6079
62.2383
60.0985
161.682
16.7573
24.1456
70.922
4.2395
40.505
27.6831
72.7107
8.96803
24.4031
16.3431
76.5107
166.291
16.0429
90.7409
158.473
MET does not have solution even after MET smearing.
The solution is returned as if Delta was zero ...
98.4028
64.6441
113.13
9.52398
22.9731
10.6831
84.9444
9.1749
4.44603
41.505
50.3367
30.6756
53.2512
53.0816
120.45
34.7748
45.8997
57.0971
12.9246
134.232
MET does not have solution even after MET smearing.
The solution is returned as if Delta was zero ...
1.42625
51.6978
13.1151
17.9642
42.6493
1.45909
46.1783
70.6286
90.0771
70.1822
56.082
61.108
83.936
43.0458
14.8281
52.8531
53.301
82.5794
295.646
MET does not have solution even after MET smearing.
The solution is returned as if Delta was zero ...
47.8168
48.9488
97.2163
30.8296
10.1844
10.3968
46.569
144.895
82.4288
112.119
70.4376
95.5368
13.6176
82.5202
40.7067
19.3239
63.9443
55.0887
33.6814
57.1925
92.1473
41.8856
59.2748
1.22626
4.3217
51.7315
59.8173
40.4003
39.6546
8.24827
19.6965
51.475
1.77076
75.8997
11.3962
85.4023
65.1177
0.515652
69.4987
22.267
27.5572
19.4862
136.296
39.9875
61.8401
1.01614
56.2835
88.7041
126.53
20.5881
22.7223
15.6892
55.2025
50.1858
54.2161
29.487
81.3332
1.48642
72.6498
45.093
83.4101
52.4341
3.76456
25.8101
95.198
69.6608
24.464
43.2162
13.928
45.4475
29.5409
54.1281
29.3847
25.6562
23.1635
61.6263
14.6276
61.6266
110.338
3.28936
64.1896
40.5617
24.7023
13.6115
8.31535
77.8454
32.0935
68.2668
142.113
MET does not have solution even after MET smearing.
The solution is returned as if Delta was zero ...
84.6518
3.98305
29.2765
50.2974
6.26629
16.6701
21.6505
34.2739
1.35297
17.1414
24.5318
41.8971
78.388
39.3589
32.1781
26.7741
28.0665
57.5782
73.8913
34.7323
83.5535
111.968
12.1399
97.8477
38.1262
53.5779
10.2887
33.4097
54.825
17.633
134.056
83.3317
23.7981
20.164
19.8088
95.4844
6.75746
90.2455
41.5101
1.01615
95.5468
22.0126
42.304
19.5779
60.5729
40.2461
33.9485
39.9859
30.3313
16.3786
42.0637
9.42229
44.4991
69.0512
96.733
111.156
33.9099
10.1225
12.0325
349.677
MET does not have solution even after MET smearing.
The solution is returned as if Delta was zero ...
21.4669
27.1286
25.7383
11.7578
10.9351
39.3688
17.9442
105.956
31.5231
92.8483
11.6475
61.9319
92.4599
58.0703
102.313
13.6761
65.2852
106.068
65.0749
81.637
79.387
45.0361
9.98562
73.0768
43.3315
72.773
28.6748
11.2851
41.986
2.21909
55.4494
53.856
46.994
27.5582
31.4334
61.5214
30.761
35.1037
35.9838
28.2677
41.0744
26.3742
19.5743
33.2024
12.7901
66.8998
5.66163
38.3797
40.5678
169.553
22.2205
23.7958
39.6633
39.807
1.76071
62.5542
68.782
63.0107
77.2367
28.125
0.0237946
4.59655
60.8814
29.8001
1.93433
72.2235
43.3813
129.225
53.7367
55.1367
52.4612
25.4415
12.583
148.176
3.58045
43.0572
52.2308
1.62661
71.2948
33.1906
16.4369
84.1395
2.78637
83.542
92.5044
62.6727
17.4979
24.1383
157.652
79.5991
34.4947
34.1544
10.4534
100.949
5.53559
112.696
89.1481
1.67127
67.354
24.2364
39.5056
90.2
20.8982
33.0979
47.0287
62.2339
80.2784
67.8843
60.1336
1.41258
69.1052
14.1824
28.0443
70.642
8.97854
11.3811
52.1008
20.1182
53.5868
22.2071
80.9535
25.4677
48.0318
25.4258
2.34982
34.7834
83.2315
56.7512
7.2144
35.7024
14.1812
37.9379
18.0713
33.7572
59.8802
93.6849
87.7227
72.8453
8.90611
6.29785
89.6338
55.9371
26.726
42.9185
156.344
MET does not have solution even after MET smearing.
The solution is returned as if Delta was zero ...
15.8125
69.495
2.75447
20.1884
17.1539
30.2165
74.6506
61.25
57.5496
51.1974
24.7282
84.9346
45.1785
8.37937
0.0390279
43.8327
41.0955
32.2169
58.6698
77.2775
190.24
MET does not have solution even after MET smearing.
The solution is returned as if Delta was zero ...
33.1889
71.9593
21.9544
68.0579
99.2965
119.561
32.4849
56.8169
17.401
53.2044
33.603
55.6873
36.1167
50.6171
19.292
21.1801
119.335
24.6619
79.0127
76.2513
35.2033
6.02185
26.282
34.3614
42.8229
47.1886
48.5409
53.5239
40.874
6.25404
68.5171
41.022
30.7967
41.5382
84.7017
12.9765
65.6208
53.7401
21.2455
62.2647
41.7349
28.379
31.2067
36.7132
51.0635
17.0938
23.3036
102.829
85.7565
55.9809
100.853
49.4027
54.4505
20.4452
17.9192
0.0171427
30.4666
50.6001
17.4618
10.8738
29.8904
84.5714
21.6476
9.2998
111.724
101.617
36.7287
86.2446
48.865
108.218
50.8239
209.604
24.0461
1.94467
3.26876
56.2468
49.9581
55.7979
24.7909
34.1844
49.2615
8.60473
73.1153
80.2407
1.82013
30.9071
56.2987
23.5739
8.06779
16.9745
20.6567
83.4756
10.414
2.89728
72.5868
80.2281
9.9117
82.9248
65.9185
47.6078
98.1818
91.4234
111.081
11.9774
19.6203
61.9244
2.23583
115.826
18.7347
51.8512
16.8057
85.5774
48.061
73.2522
28.0885
62.2809
88.4996
9.13653
87.2751
124.415
47.6273
34.5228
8.88223
86.6241
14.0668
7.90001
81.0803
22.3285
113.527
13.1466
59.0644
18.9006
24.4453
55.057
1.10397
79.6727
5.74304
153.269
26.2111
4.11656
0.207577
60.6028
0.852092
17.5094
166.909
MET does not have solution even after MET smearing.
The solution is returned as if Delta was zero ...
16.949
35.8023
98.4355
12.3501
46.7454
83.0642
9.74699
38.4847
84.7734
12.8806
56.7329
36.4786
31.5421
44.6881
1.66184
89.3911
22.0423
29.9936
110.413
28.1197
21.0008
31.4741
67.1924
42.7285
57.7679
40.3959
259.762
MET does not have solution even after MET smearing.
The solution is returned as if Delta was zero ...
76.8915
76.9319
16.6643
57.3152
104.462
4.45087
42.8578
1.82143
62.5012
68.7998
11.1068
18.4385
51.6804
56.387
53.581
51.2677
44.5851
33.4281
10.9582
51.9789
15.6989
82.5259
13.0334
4.47011
39.9616
5.61256
43.9729
66.0514
44.0538
48.3902
22.4859
38.3851
99.4537
73.6398
49.3134
4.63343
35.515
13.1029
81.3056
81.2318
46.7108
25.004
62.1064
24.4764
55.7175
71.7786
21.5579
65.5478
5.88618
45.3986
108.462
15.2365
42.1565
37.8767
53.0989
46.3149
59.8791
11.8912
37.905
16.2839
13.5239
31.5216
60.5962
272.228
MET does not have solution even after MET smearing.
The solution is returned as if Delta was zero ...
55.3098
17.1541
62.322
16.488
62.246
17.2692
64.1707
41.486
29.6091
54.7113
10.6932
83.8184
110.097
42.6317
35.9711
25.6269
27.4163
88.0251
3.26994
56.9859
25.285
114.391
41.5987
4.88855
8.46185
43.3277
32.9025
45.8014
42.6202
41.585
29.2782
18.3711
74.5844
26.383
116.511
50.5718
15.8355
22.8917
23.6653
55.7528
96.4515
49.7403
15.7042
76.8133
15.6834
19.2269
38.2901
46.668
7.97486
80.5968
98.2401
23.5134
81.8838
26.0957
25.8735
36.7734
1.96217
164.941
26.1845
40.5542
44.3316
56.4818
21.7872
44.4944
63.1158
47.4414
53.7922
7.08851
135.726
MET does not have solution even after MET smearing.
The solution is returned as if Delta was zero ...
47.5092
4.97147
48.3792
63.2291
63.4202
73.1433
25.2964
76.0059
20.3554
50.603
67.4503
5.22181
27.6181
25.1884
77.5682
27.7563
7.72393
29.5653
31.6511
101.128
28.592
28.5723
1.70227
36.5856
68.2302
6.4599
9.45073
59.1482
19.5467
44.005
49.4802
52.9929
33.1739
18.6263
130.143
46.6575
43.4143
9.71691
47.6123
51.5874
13.4301
52.2477
66.5118
60.9699
54.5504
58.6152
4.49283
78.3395
57.2006
69.1581
22.6207
10.4752
29.9683
36.421
5.57054
57.7809
17.0051
38.9885
61.421
34.1943
113.338
6.32873
45.2528
54.8733
130.765
42.8583
89.6186
49.528
86.0161
15.3377
0.295539
17.6157
80.48
98.6852
18.0201
2.09341
54.3583
29.1081
0.17297
16.4568
78.0482
132.483
45.3793
38.2286
56.2852
122.005
45.4548
18.2242
38.8436
106.899
103.3
45.9336
97.9581
28.7288
34.2655
27.9696
17.7718
22.9971
59.8659
14.3084
59.3281
38.7865
64.5033
47.5395
46.537
99.1747
80.0666
151.969
18.0398
55.9871
14.7931
11.6483
24.317
4.28537
9.51139
36.6834
8.48958
67.4179
21.846
74.5643
21.8085
23.4483
9.51905
29.9938
23.5604
25.1989
45.1203
22.0807
40.4026
48.0564
27.0302
52.4003
30.126
0.444183
10.9328
52.0199
18.7089
16.5962
27.4964
10.8264
26.3365
14.3343
16.3321
44.1336
23.5392
29.7439
37.9484
64.8761
20.4302
53.9889
79.3728
0.336714
5.81759
14.8746
26.5222
52.7803
13.049
175.004
MET does not have solution even after MET smearing.
The solution is returned as if Delta was zero ...
65.643
89.3903
30.5083
91.231
29.1177
56.3783
23.9246
50.6441
8.48442
1.7455
0.673874
33.1669
54.1973
2.25173
57.1407
32.2394
3.61825
17.7572
19.8318
39.2346
0.26415
67.7324
101.955
54.6609
30.3569
17.2317
72.9297
26.556
7.81465
116.44
32.5409
6.73952
27.4234
100.679
30.8343
31.592
1.71892
67.7924
12.0558
80.3868
25.089
94.328
98.0277
61.6049
58.2739
93.7505
111.042
2.61232
16.9204
2.64038
37.6027
67.6129
41.4426
95.3508
106.253
50.624
35.2078
60.1917
80.834
14.2625
178.205
MET does not have solution even after MET smearing.
The solution is returned as if Delta was zero ...
79.6784
55.2348
27.1882
42.9685
31.0096
142.583
10.5617
5.52294
3.06658
25.0746
78.9502
51.6516
11.7048
6.20455
61.615
58.3818
55.1326
137.43
125.714
2.96467
30.1494
2.78322
67.1273
12.4266
140.953
2.49079
22.8092
182.041
MET does not have solution even after MET smearing.
The solution is returned as if Delta was zero ...
120.646
40.8563
64.8268
78.0395
154.644
MET does not have solution even after MET smearing.
The solution is returned as if Delta was zero ...
1.26578
40.3686
16.1803
14.8641
10.5442
38.5393
70.3777
12.2534
72.5031
70.6188
28.5645
45.3247
45.1031
15.8892
13.3513
25.0981
7.58234
10.092
77.604
24.7728
51.8561
37.0133
89.6224
43.5846
0.359776
42.286
74.5751
24.7082
4.08433
89.3936
64.8133
37.166
67.7458
68.8124
47.4332
12.1757
21.1045
18.7149
27.7107
67.6705
97.3691
67.3984
72.4483
44.3885
42.0062
31.5354
58.6633
40.969
38.5709
11.7258
39.243
59.9143
132.072
MET does not have solution even after MET smearing.
The solution is returned as if Delta was zero ...
110.033
53.5617
67.889
38.4556
42.5398
84.296
37.8793
66.3517
1.00995
61.8102
12.7924
86.6218
48.8164
39.7675
36.707
45.8674
72.5509
45.347
25.8382
8.15135
51.6979
39.2704
21.2352
12.501
5.59124
18.3548
66.4915
61.9476
56.3787
40.756
107.914
4.08783
126.532
89.4742
63.2012
93.3832
6.93664
105.382
42.5518
56.0022
41.6901
67.1697
35.152
88.713
29.341
9.79501
16.2587
6.9671
2.99716
18.2746
31.5444
55.6479
41.1082
106.451
39.9763
61.1375
42.6503
34.0725
11.7219
101.796
52.4006
27.6849
42.0356
46.6517
32.0901
13.3266
21.3584
110.053
70.1979
67.1047
68.5099
101.28
81.1489
53.6151
60.9979
89.4277
59.5456
19.995
58.239
78.5366
42.1035
134.588
88.122
37.5072
77.0421
22.6166
36.5984
27.6527
4.68282
34.7855
100.652
60.2083
6.34673
21.782
368.304
MET does not have solution even after MET smearing.
The solution is returned as if Delta was zero ...
27.962
4.88272
34.6204
30.3481
74.6777
117.803
69.7853
95.9411
46.9992
2.69992
1.46575
82.9782
6.81891
13.9433
53.5104
34.6323
69.5819
100.873
63.7695
30.0743
23.5082
45.6372
47.3089
8.32338
17.1073
83.8424
72.3551
57.6776
67.0463
105.46
42.3624
39.8606
8.89323
3.85083
10.4775
90.295
97.895
65.0721
0.195261
36.1326
80.823
2.90114
64.7142
86.6753
58.8071
111.547
29.5458
90.4039
69.9087
69.7766
111.908
40.3315
120.494
15.0515
15.0897
26.6953
40.7502
36.1368
14.4481
46.3116
104.21
128.486
45.4683
42.8056
0.00142737
39.0599
21.6774
21.8876
22.0642
26.1583
36.2331
15.6736
22.0039
67.9308
25.9154
10.3069
39.9186
6.37012
138.207
64.7638
77.8775
13.8682
60.3293
12.5657
24.3931
34.6544
15.9262
26.6533
44.3877
20.9536
20.6062
65.681
87.2162
49.0502
63.3426
30.7148
3.03555
76.3735
30.7355
45.4459
27.3697
132.899
MET does not have solution even after MET smearing.
The solution is returned as if Delta was zero ...
40.2211
43.1448
13.5819
40.8926
22.1205
51.9776
13.2264
82.3545
36.8114
41.9681
66.7798
9.4483
14.201
57.3546
58
33.0065
67.7648
82.1181
57.338
69.6638
29.2127
20.8806
34.5746
3.67087
18.6136
128.384
47.1051
139.362
82.0596
20.6119
124.5
58.968
41.1871
47.8195
72.5469
0.304684
104.372
15.5926
35.3384
60.9179
94.6995
0.699963
15.7483
8.32829
0.755119
59.8302
22.1838
39.3703
52.0512
53.9427
58.6074
24.4799
40.0937
24.228
38.9418
67.4784
21.8325
183.677
82.7741
106.827
61.8779
58.0041
47.268
9.96866
41.0616
33.919
75.3026
6.98639
35.9821
25.2491
1.46744
5.15268
37.67
70.4763
18.3457
61.158
44.6681
91.2709
19.8681
21.3712
30.0024
55.2059
86.286
15.3803
44.4348
5.94715
19.0607
51.0072
15.4935
35.3642
17.2849
31.0043
49.93
40.5942
44.5624
26.71
68.4368
63.3825
23.0232
66.1149
36.2583
55.2303
42.1019
74.4954
40.6965
31.6078
14.0173
42.3002
67.6609
38.8244
480.582
MET does not have solution even after MET smearing.
The solution is returned as if Delta was zero ...
61.7431
30.889
53.7173
80.4951
61.5846
6.758
42.6981
6.77045
99.9731
54.2382
58.939
103.752
37.611
107.204
36.3855
35.7936
46.7556
59.7735
18.3856
27.9756
1.51065
34.0997
77.1332
41.5179
45.7659
11.2863
14.4589
12.4673
6.41305
90.3513
99.2079
68.9743
23.5845
0.943293
123.423
82.3867
61.7654
22.3482
11.5039
58.7661
103.801
41.0172
5.78275
120.689
35.4509
7.53166
67.6044
34.9692
24.1484
31.4889
64.3885
82.2432
50.0168
73.3882
19.8496
5.50107
17.8454
14.6298
26.8439
52.467
171.142
27.0024
115.564
75.8097
64.2103
26.3676
67.3372
80.4439
47.6713
70.4989
37.046
76.6903
11.6387
20.8914
22.5162
45.3233
26.7781
97.1162
46.8221
72.1502
42.7885
12.8133
22.6461
40.2687
55.1795
42.0542
2.23469
35.8584
30.969
49.1104
45.9403
20.9088
49.515
65.0159
31.5882
155.314
53.6717
31.1811
38.6989
41.1564
74.7698
29.5521
7.22949
4.57853
71.7985
18.2148
59.0343
44.5304
29.7471
112.865
17.8736
26.7366
39.639
71.0557
55.081
34.1504
57.3458
37.4958
94.3237
55.5223
92.5997
54.8094
91.0673
55.1776
5.68029
25.6574
36.9051
6.38817
10.1548
14.0698
25.2748
47.0976
4.45538
43.2826
24.666
25.839
94.8706
45.2877
24.0066
16.9466
96.5421
42.9276
11.2305
77.7185
63.722
19.5558
14.9244
24.5749
3.40634
24.8055
110.265
42.8414
14.6431
66.0176
120.695
27.9521
80.0305
22.7148
38.0102
66.6396
20.6668
37.7311
35.1604
2.61111
46.87
30.817
39.7572
19.0672
56.552
84.3354
6.25482
55.6369
14.4291
87.4936
65.14
2.14917
63.3241
88.2569
15.0114
82.7438
10.7682
90.4401
73.9544
69.8894
3.38649
20.7534
106.825
69.6985
87.4832
77.7415
81.3896
7.39177
55.0703
71.7251
31.4833
52.0191
47.4402
59.7179
1.41365
7.78766
25.4864
16.3085
23.2071
67.5272
3.68229
45.6575
21.4925
3.1752
12.8963
37.7231
84.3377
19.2716
57.9132
44.5497
72.5747
37.9324
8.48356
99.1378
45.1397
35.7596
148.261
MET does not have solution even after MET smearing.
The solution is returned as if Delta was zero ...
99.2131
44.708
78.1625
64.4558
63.877
41.8048
83.1947
44.0547
69.5333
41.5758
84.2938
149.376
1.91851
3.8757
129.611
88.7071
42.999
66.3194
1.34541
76.363
14.3248
73.359
15.4021
38.834
91.0182
42.2046
79.0003
31.5124
1.15841
18.1467
0.0403741
79.8812
23.8164
33.4758
136.001
6.25264
7.34591
54.8872
75.0585
51.4733
73.08
76.2289
100.42
61.1226
22.7499
6.78304
7.19277
41.3877
2.69566
210.466
MET does not have solution even after MET smearing.
The solution is returned as if Delta was zero ...
79.7881
10.4497
38.0762
3.24905
7.88869
60.8007
86.5666
6.34843
88.6571
38.3562
27.9873
25.3703
18.8011
63.1884
130.004
MET does not have solution even after MET smearing.
The solution is returned as if Delta was zero ...
28.404
51.2226
49.4765
77.4858
85.8492
89.2661
29.4417
337.269
MET does not have solution even after mW smearing.
The solution is returned as if Delta was zero ...
MET does not have solution even after MET smearing.
The solution is returned as if Delta was zero ...
14.1221
16.7997
25.9544
10.537
4.33237
44.0538
75.149
158.978
MET does not have solution even after MET smearing.
The solution is returned as if Delta was zero ...
20.1885
44.4557
27.9646
69.7084
10.1273
80.1604
69.3019
59.2875
11.2744
145.939
MET does not have solution even after MET smearing.
The solution is returned as if Delta was zero ...
17.4658
25.0595
67.4495
64.4039
9.27696
25.4065
142.458
43.3647
39.3851
28.5264
29.9473
87.2766
0.372083
26.3082
76.9537
71.6302
58.3392
70.6155
107.44
120.682
4.19551
41.692
86.5841
61.3639
114.796
26.1374
59.6489
71.128
117.693
91.9243
31.236
57.7219
29.5625
39.5933
83.7588
52.7131
48.3183
67.5135
46.0124
67.4048
59.0624
20.0774
14.8684
15.7432
46.1719
116.705
8.90003
60.0971
71.3991
46.9106
76.3916
25.7835
18.8984
18.0154
63.1119
98.9402
83.3388
13.4268
24.1134
53.7223
140.686
166.007
8.8264
6.35632
57.2076
71.1852
73.9579
101.09
4.07281
67.7818
0.966321
55.9649
29.2558
27.0886
23.9563
40.5933
32.0104
9.73154
21.9792
15.4961
39.8019
45.5881
80.306
46.1718
30.2877
133.643
79.4878
26.8306
90.3059
55.0486
2.89761
79.7909
5.13727
12.6167
62.6748
70.0335
24.2349
97.7144
61.0275
33.6317
68.8217
4.29529
29.4294
36.5811
45.5076
37.0925
256.231
MET does not have solution even after MET smearing.
The solution is returned as if Delta was zero ...
62.6384
11.3878
58.3033
24.2925
26.414
6.60286
27.2401
52.7555
60.0097
40.4376
32.2809
90.8681
40.1764
120.667
110.123
44.2852
64.3099
32.0413
20.6631
42.9492
73.2966
68.5535
21.6794
60.2016
10.9404
0.226657
126.942
49.5864
33.7656
1.61824
16.6377
142.632
22.7538
35.1741
52.2288
110.578
9.6237
87.7942
97.9657
1.70794
60.7119
79.5094
45.4912
9.20814
49.8648
9.44724
2.28193
3.18389
5.46658
52.1007
44.6545
70.3128
24.5906
40.1238
16.45
38.5911
57.3086
10.6665
13.8725
22.1451
80.6976
83.5648
53.8427
63.4347
60.9002
10.9252
70.9014
5.57226
129.731
10.4796
37.9237
46.4091
88.7258
62.8741
50.4313
35.5796
43.7139
25.1278
12.6413
35.469
62.4928
28.2748
83.926
9.28984
39.2547
58.2793
7.54833
0.279539
102.822
4.5881
74.0516
120.14
154.359
MET does not have solution even after MET smearing.
The solution is returned as if Delta was zero ...
116.044
66.0488
25.1939
92.9358
44.7048
2.80956
66.9699
69.8658
65.3066
52.807
55.6164
64.6761
11.2019
38.9984
32.672
21.338
51.0264
1.94644
0.96281
99.3963
34.9052
111.714
105.924
15.1704
16.261
44.4069
23.345
24.9226
22.8531
30.2069
14.7921
115.872
81.3177
57.4448
7.20513
15.2779
76.9422
56.7543
36.167
66.7215
77.918
20.8446
115.429
48.5743
67.9889
17.6589
48.5303
53.1064
65.7148
29.0528
8.18334
48.7413
13.1237
34.8497
22.2994
82.2348
30.0847
71.8797
59.2437
26.0257
28.9306
2.57092
26.0264
13.7134
21.6227
36.9396
64.0048
57.5736
17.1054
38.8904
51.9661
54.1643
24.0221
31.6954
82.7415
52.2211
59.3808
12.5227
10.0025
74.3048
91.6054
1.57867
3.66689
20.6725
26.531
120.179
77.8878
27.9323
89.8387
75.0697
67.2889
83.7792
103.615
53.4842
93.9299
6.23414
37.8552
28.4309
2.06459
78.2402
5.67645
23.0843
43.0823
80.3102
0.779148
29.6659
23.6199
71.1925
41.8605
17.4208
30.5722
30.2289
58.3022
37.968
60.0861
73.5196
68.5284
40.731
38.6066
65.0197
40.3956
60.8613
92.6143
114.785
21.3266
50.5973
11.1693
32.0996
30.0815
35.681
59.061
5.63471
54.2407
18.8488
3.92174
53.0835
60.1739
7.30454
40.1422
64.9045
16.405
89.33
79.1402
51.4921
72.079
24.8333
64.2805
21.7937
61.8858
107.94
67.1497
22.3304
35.3009
37.0504
37.6181
5.07704
34.4296
81.9932
3.31241
18.0184
70.2519
79.7682
117.824
24.6947
10.476
14.7923
99.226
4.39784
35.7094
105.767
12.3709
73.4094
44.5109
50.1408
7.99739
17.4274
51.3517
22.031
6.68266
25.2792
39.1568
27.6828
32.1584
107.379
44.79
16.0466
11.696
51.664
65.7049
107.244
93.3828
16.6171
83.3991
58.4833
61.5243
80.627
89.702
11.9853
96.084
212.5
MET does not have solution even after MET smearing.
The solution is returned as if Delta was zero ...
111.624
1.40174
31.3109
82.9689
123.418
94.8102
75.2802
39.7299
1.56626
56.7343
70.6902
63.0253
69.5323
16.0107
115.568
105.891
65.3873
9.55031
36.4228
146.93
52.5175
47.0493
37.1892
85.3879
68.978
32.1466
44.8257
35.9355
74.4825
73.332
36.7654
111.553
66.6102
28.7099
66.7088
99.4511
52.9818
34.3199
97.8341
150.19
MET does not have solution even after MET smearing.
The solution is returned as if Delta was zero ...
65.8081
25.2814
33.0413
18.8007
89.0137
41.1847
24.1007
84.8039
8.56297
50.871
28.1794
165.989
MET does not have solution even after mW smearing.
The solution is returned as if Delta was zero ...
MET does not have solution even after MET smearing.
The solution is returned as if Delta was zero ...
12.2641
39.5244
33.2026
16.9208
107.352
60.2853
191.596
46.2431
117.688
34.6772
45.0084
32.133
52.5545
4.01402
49.3469
65.0156
24.8379
34.8929
104.018
20.4924
37.0106
69.3321
13.9957
63.6785
49.0951
79.8372
6.97873
68.1529
41.2441
55.0537
121.223
12.203
73.3059
49.5853
46.4274
84.6663
47.5149
22.1536
102.198
38.0278
27.5881
97.6787
91.5338
40.8283
64.3974
8.72543
21.4928
27.5586
8.53538
15.6977
30.5903
18.9195
35.7564
60.7883
32.9354
32.0161
167.167
MET does not have solution even after MET smearing.
The solution is returned as if Delta was zero ...
36.3686
110.518
88.1141
31.2856
172.529
6.98282
32.3315
59.1749
30.4825
20.5843
91.9167
8.69011
12.6156
75.9546
0.412213
21.2193
59.5605
31.8601
24.3567
35.9992
20.1317
59.5551
1.13745
18.7135
66.4225
41.4049
134.28
4.81574
75.5217
84.288
56.5322
43.9218
69.1932
169.629
MET does not have solution even after MET smearing.
The solution is returned as if Delta was zero ...
87.037
122.242
86.6003
156.86
60.1962
2.63961
48.7859
35.411
49.1579
40.0171
59.6492
10.9566
40.2456
69.4823
3.32877
111.576
89.2524
50.1334
16.8982
38.2275
4.33928
60.2426
7.56908
27.6196
4.60687
123.345
38.9832
97.6734
98.3256
4.10174
69.424
77.3881
79.0308
8.50718
94.5394
19.6686
129.472
40.878
43.269
59.2492
87.4386
10.9228
45.8271
100.665
7.68239
86.9892
36.7918
64.2441
63.3759
43.7592
55.5429
34.0914
32.4176
19.1801
69.7936
64.0559
20.7322
74.3952
25.2317
55.0137
3.07204
62.755
12.5116
40.0996
39.6298
61.6679
0.414372
134.339
34.1248
13.4584
6.24071
14.3599
161.656
MET does not have solution even after MET smearing.
The solution is returned as if Delta was zero ...
213.79
MET does not have solution even after MET smearing.
The solution is returned as if Delta was zero ...
53.6208
98.0877
16.1238
24.1251
69.5596
63.2232
74.7392
23.48
1.06365
27.6001
95.1897
34.8612
25.281
82.696
82.8741
16.2401
142.484
5.99404
24.1388
82.8389
38.4045
9.94753
57.2679
37.4749
14.5039
29.4888
37.5118
79.0875
60.3106
55.7571
121.884
81.0282
12.9066
85.811
26.7386
31.6712
4.60983
32.0552
22.1785
30.0567
126.346
43.0624
30.6698
20.9538
19.3974
36.6811
17.5596
34.2417
69.3185
30.1408
43.2553
12.5325
87.2169
28.1781
82.8632
38.0648
37.0829
71.0344
3.16148
92.933
8.67974
89.1246
35.3616
49.3309
33.8248
15.5747
24.6444
91.0723
37.6313
17.1412
70.5286
67.4668
25.6173
13.0639
18.3377
24.756
11.0109
49.3814
1.82998
15.7381
54.8779
27.0801
30.6679
25.5487
64.2083
22.7505
80.5524
35.4182
93.3949
1.13911
145.749
MET does not have solution even after MET smearing.
The solution is returned as if Delta was zero ...
43.5974
21.6247
40.6711
5.79407
38.3514
26.2299
37.7507
29.4193
12.3761
117.57
28.0744
59.6328
29.0657
72.7873
9.4588
29.0537
36.299
62.2095
77.9045
77.5695
48.7105
106.626
2.10358
18.6161
56.9234
80.6876
62.8014
67.7317
2.36741
43.3056
16.1156
5.37466
47.6448
14.2917
10.3738
41.4754
78.2697
50.6484
24.9422
2.92405
21.7166
12.8378
44.3452
57.7036
83.9042
30.2462
90.5197
0.652196
13.344
95.103
14.1311
95.5782
129.657
31.1695
48.8815
62.3066
62.8663
4.28327
34.7412
54.2195
9.19261
43.8636
82.1591
80.9357
23.2773
53.4449
89.2264
80.3826
23.5971
9.36546
85.4318
16.2038
52.2261
23.3922
89.9783
70.9032
53.6521
6.40591
85.7008
25.2195
14.9797
99.469
11.1897
68.2516
32.1102
48.1427
41.4141
72.615
76.1241
58.5343
38.33
47.292
9.85685
77.5607
14.7658
9.63172
58.7101
25.9014
73.7155
34.7893
52.5662
49.3673
24.6261
58.4681
27.7091
19.6592
108.651
26.0826
93.3276
70.7042
18.7413
24.8151
55.2207
43.5121
34.2755
28.4886
76.4787
7.90431
87.4568
58.6682
21.0791
36.3339
31.0113
71.7513
36.4367
91.6939
48.6737
2.80395
85.1956
72.7662
66.3396
16.0489
82.018
26.7025
69.7755
48.7897
49.7701
48.5543
50.9281
19.8565
31.629
79.27
71.2383
4.40429
22.527
115.953
75.7535
24.1868
16.801
1.68244
87.4571
51.1142
61.5694
10.7255
89.2787
21.1937
123.523
20.9402
32.1773
284.202
MET does not have solution even after MET smearing.
The solution is returned as if Delta was zero ...
45.8484
135.541
58.5471
16.6233
14.022
23.4721
66.4065
59.8716
26.7556
76.5182
13.5854
73.5334
79.6086
40.0065
27.7993
70.5936
70.9028
53.7926
58.7222
39.2916
60.2244
8.87595
69.1404
52.9505
32.5405
109.424
33.5152
111.607
41.5994
73.2326
1.90337
24.3123
71.5327
54.5427
47.8131
19.0121
52.3568
26.345
27.9388
41.9864
2.14128
25.6837
58.113
0.379448
81.6138
119.021
61.0406
84.0976
37.2503
41.3922
12.4605
17.1493
42.2772
51.3897
46.5816
6.47643
15.6951
63.164
59.184
52.6489
76.3751
5.27337
43.8071
4.38194
31.9905
88.1093
28.4958
12.8848
8.54315
224.818
MET does not have solution even after MET smearing.
The solution is returned as if Delta was zero ...
58.8604
8.7831
185.054
MET does not have solution even after MET smearing.
The solution is returned as if Delta was zero ...
160.729
MET does not have solution even after MET smearing.
The solution is returned as if Delta was zero ...
5.47201
138.121
32.7097
55.1011
1.60225
31.9408
38.6388
27.0829
64.9975
70.1491
84.3644
10.8162
0.8582
36.3735
12.937
83.3026
34.3814
23.4063
56.2433
53.5422
16.0422
20.6753
43.4706
46.2367
88.833
9.9336
9.21172
92.3338
16.1082
74.7575
45.2786
16.7569
83.8188
61.1739
20.5559
65.3385
63.3077
103.521
117.66
70.6019
42.5187
24.8254
41.6748
95.72
51.0433
48.8376
15.4871
4.15799
16.7417
54.8467
42.9336
19.1582
105.419
28.3298
54.2741
42.5791
6.63495
114.341
38.8539
61.1666
78.1602
8.61209
97.2855
24.6472
67.98
148.647
27.0007
110.892
114.018
9.91025
36.4837
4.97198
50.4988
37.6902
54.3397
27.9816
81.3395
53.6116
62.8453
49.9538
9.90258
8.59948
42.1612
44.8413
43.6835
73.8086
47.8521
11.4775
22.7492
0.421676
54.6217
39.3573
57.5073
110.491
50.8616
39.5369
95.6169
2.24479
38.1305
214.289
43.3828
47.1279
93.3517
17.979
79.9045
39.2033
39.1192
42.0918
62.5114
3.54029
79.3763
38.5085
64.3867
7.39274
18.7536
26.1649
87.6882
62.7648
148.07
MET does not have solution even after MET smearing.
The solution is returned as if Delta was zero ...
20.8973
75.0192
28.924
10.7509
86.5274
74.7889
42.3842
44.5733
100.698
38.609
42.3496
67.9955
21.2473
24.3576
65.7542
40.8286
26.3343
66.0409
47.0744
23.5553
26.748
1.6688
33.6228
17.3145
25.6331
1.4107
34.0118
43.1089
18.4536
120.705
53.042
47.5214
4.56361
49.2289
17.3402
51.6417
3.02927
28.1714
7.36361
0.881446
2.9826
17.9061
24.4705
89.3666
28.6974
20.8492
49.1926
17.6632
71.7978
54.4544
27.4803
26.3015
63.8858
93.6529
42.9966
15.6398
78.6217
8.41472
46.0002
62.2428
60.4481
18.3415
28.0033
21.9347
66.1517
32.8634
61.4149
17.6255
41.6841
62.7165
91.5877
84.8519
50.4331
43.8652
76.2682
146.645
22.7243
59.139
14.9895
18.739
27.2882
94.5739
77.1033
54.7272
43.0156
4.18699
30.4581
42.8536
44.8318
3.0446
62.723
62.9414
71.9453
23.9513
37.6428
78.8632
88.0949
67.1085
29.5385
18.1102
18.0582
41.0054
68.3023
59.2852
396.253
29.6386
63.8895
63.5968
2.52436
7.13468
6.12662
15.117
18.5108
56.5463
159.518
MET does not have solution even after MET smearing.
The solution is returned as if Delta was zero ...
59.4922
53.4663
20.4063
50.4807
75.1179
9.28684
14.9625
before closing file input /home/nadjieh/work/samples/postMoriond/Aug2013/ZZ.root
before endjob
