**************************
SYSTEMATIC SITUATION: 
**************************
JERDOWN SYST
**************************
file number 1: ~/work/samples/postMoriond/Aug2013/ZJets.root
I am in tree = 0
inDirect
treeName: ZJets_2J_1T_JERDown
ZJets_2J_1T_JERDown	0x1b9d560
0x1b9d560 tree afterward
ZJets_2J_1T_JERDown
1212
20.6293
104.403
87.8394
19.6695
75.3933
71.5018
42.5879
110.419
52.7292
2.98584
63.6375
47.2626
25.5327
70.0849
66.6745
31.9143
40.1099
89.3735
19.8479
65.2266
17.8008
46.4769
79.892
56.6304
66.803
58.7491
69.7503
16.0007
8.05573
21.0014
60.3766
20.8671
48.9622
54.8285
103.495
72.8498
38.6517
71.3034
93.3349
9.543
49.6813
4.83787
6.94401
79.5473
21.3823
125.122
36.5141
38.5163
75.1605
6.78538
14.8943
54.9469
14.5858
106.811
55.1657
164.593
MET does not have solution even after MET smearing.
The solution is returned as if Delta was zero ...
50.9905
34.3848
91.3469
4.11656
51.9463
26.5035
44.0352
3.50408
29.2095
45.3608
55.6636
67.0219
36.7305
28.7983
7.8968
21.8321
16.0479
36.5991
28.0123
4.4619
11.5379
18.9513
68.0006
70.9075
5.78329
38.915
27.8217
19.3695
75.6935
22.6263
24.4373
82.9608
40.9724
9.00844
18.904
42.2041
99.2491
10.8844
85.9636
50.6565
73.3674
16.2149
42.8004
48.0895
83.9725
81.5136
31.6354
64.5572
19.1089
52.3448
56.4037
42.0331
54.804
15.7446
73.4841
103.817
44.4082
5.90523
46.982
38.3517
45.4911
8.33788
66.1305
123.289
55.8999
30.2527
70.3389
60.5244
57.924
22.7557
84.8349
60.9946
4.74033
85.7248
59.9188
32.2544
67.7669
19.0877
101.706
42.7912
48.3994
89.9844
2.21715
78.2445
15.6504
75.6319
28.6408
23.8033
13.5465
45.7546
4.76874
63.7991
20.8868
8.75425
72.2973
1.7533
26.2926
25.3674
95.8724
5.49873
70.4043
24.1348
16.2803
30.5274
13.2374
35.0424
58.5317
71.5026
70.7065
68.737
68.968
45.4493
25.0988
7.47308
4.87938
50.2092
77.4121
63.9348
50.5803
31.1262
12.0793
55.5339
33.4326
77.9939
57.6815
76.4663
20.5579
33.5079
68.2059
21.9045
17.7503
14.5161
15.1665
54.2446
41.2619
11.6684
29.5609
11.7518
16.7137
104.108
35.2029
58.4227
9.16258
40.2723
1.53717
82.4948
30.8645
64.4418
120.81
41.5138
14.2924
13.3578
42.5256
55.2377
30.1185
31.1411
53.4916
59.9988
77.9614
156.777
5.69877
12.9041
8.55154
60.2957
10.6375
21.6041
21.7443
6.81495
79.9805
38.4678
14.263
42.3051
75.4287
34.6324
50.0297
0.569857
24.7517
69.9033
5.6878
18.9834
54.9315
26.0886
3.72893
32.4704
2.10999
54.4292
51.9391
13.6307
80.3767
71.4205
20.3501
43.8651
81.5138
21.1441
12.1776
37.9977
30.1568
65.8181
55.995
22.2109
12.0023
61.5168
67.706
35.0742
21.989
26.2448
60.472
15.044
54.0205
7.62542
25.906
11.6414
8.51657
115.369
49.7788
39.6678
76.883
80.986
20.8815
43.2118
13.5374
8.20261
103.164
26.5587
85.3703
5.24872
26.668
12.3804
115.537
102.903
28.9985
24.0433
0.328501
59.6203
2.24003
127.605
37.2478
69.8548
4.51184
37.257
19.9975
11.3177
90.9699
8.09256
20.9733
39.7256
49.7526
116.421
18.4859
1.91944
97.1571
2.76033
29.1204
2.45404
65.7331
3.15026
95.9672
11.6337
28.422
21.0923
1.89262
13.4399
110.484
102.702
27.0299
60.5214
7.62168
18.6055
60.1763
61.3481
33.1332
42.3427
1.38623
19.11
48.899
3.29714
43.2492
7.78551
36.6591
53.2136
17.8362
5.678
8.54259
67.5686
38.2504
49.689
27.4947
89.8534
52.3653
30.1369
61.7664
18.7339
16.4341
106.127
57.5413
112.83
104.542
90.5877
9.86234
52.84
35.2591
7.09058
35.3653
28.5896
27.1655
34.2096
106.772
94.4779
38.7554
70.518
0.267409
42.1215
44.5877
28.8712
85.7447
32.1576
10.365
2.4336
18.1855
11.1085
6.76658
289.416
88.7916
42.4737
2.64299
15.1394
23.6328
57.6682
39.1265
18.7218
53.0761
135.991
72.9869
86.9351
33.201
39.2752
77.8312
24.6361
22.5241
83.3198
26.8246
11.4787
39.1231
0.313152
7.51722
49.1428
152.734
MET does not have solution even after MET smearing.
The solution is returned as if Delta was zero ...
72.8551
48.4756
95.7345
30.8385
60.2587
6.68053
126.58
43.2246
4.08014
31.9232
3.38399
33.5285
18.2838
43.0969
52.0562
13.8438
17.8954
13.8137
8.41172
47.2418
14.1629
40.9331
77.4902
5.06835
13.7829
31.9832
82.1892
123.609
23.7618
35.2314
66.1654
57.6028
51.1685
19.0104
37.4514
69.1908
51.8052
89.0092
24.9479
25.1393
125.269
38.3323
68.3854
30.9574
55.4936
112.689
66.3731
7.88082
18.649
71.3064
11.1931
42.8705
79.5928
16.9766
16.9935
11.0589
66.1209
66.707
14.4822
35.557
30.868
35.8967
161.582
MET does not have solution even after MET smearing.
The solution is returned as if Delta was zero ...
49.1527
59.0682
72.5459
11.8773
25.5411
33.4628
69.2004
45.8319
31.8451
45.5609
39.6956
57.902
48.4223
45.5261
22.6724
95.3286
60.4076
42.7748
46.4834
184.449
56.8326
0.0897856
24.2445
45.7138
57.1638
31.0179
55.4306
64.388
28.8302
154.482
98.6978
42.0372
95.034
60.2211
3.32633
37.5617
7.37415
2.01245
29.762
42.188
30.4069
56.1539
101.718
27.1763
6.95951
5.17112
18.7476
69.5528
48.9793
103.44
17.7793
76.428
31.2263
67.4902
96.2883
29.3995
27.9834
56.4317
45.1602
63.1758
0.172485
71.9817
12.4806
85.2638
64.5843
72.8397
16.7358
34.3784
7.64246
5.26599
76.6801
109.231
42.9789
34.5363
73.0239
40.3003
48.395
6.68704
95.2478
96.5589
69.1976
111.642
7.89436
94.4462
89.3065
89.6179
12.2612
38.7751
72.962
37.9187
46.5005
76.4386
49.1276
51.0646
49.3392
92.5602
45.8336
47.7289
38.4476
45.9672
2.40192
47.606
10.7964
48.0802
30.255
19.9939
3.37085
59.1906
64.8387
88.6728
86.5299
25.3589
42.5577
67.8608
24.6028
45.1588
17.4324
54.042
18.0812
115.801
17.8455
20.6525
8.47216
48.3998
144.029
13.8324
61.2895
64.7707
48.2333
7.17147
19.174
11.9478
79.7438
40.229
34.0319
53.3754
46.9576
54.0499
58.2218
65.5933
14.6115
26.0976
7.3761
35.1998
36.9622
43.0922
37.0237
54.113
1.35873
13.6749
30.4847
32.9599
47.4226
80.4122
0.986671
63.2182
43.827
7.99235
49.9338
166.946
MET does not have solution even after MET smearing.
The solution is returned as if Delta was zero ...
16.2776
77.9262
108.897
52.0725
28.614
15.8537
33.7788
86.7902
9.99583
93.5805
34.7411
60.0363
50.5671
11.7438
83.3877
69.2759
97.2286
32.9276
118.609
36.181
61.0267
23.6116
36.1884
6.53684
50.2262
58.8904
101.161
18.8498
22.7098
132.06
MET does not have solution even after MET smearing.
The solution is returned as if Delta was zero ...
25.2865
3.75553
89.0325
69.4656
44.6034
29.4445
65.7035
80.0776
17.9118
195.913
13.7187
53.3924
81.3294
31.3845
36.0839
64.0118
47.6327
26.8205
6.84264
151.52
100.986
55.7143
96.09
103.951
21.8956
31.7886
11.0646
10.5368
45.6205
0.262122
100.846
47.0807
70.4387
26.6179
8.70054
84.3005
40.7076
20.5745
53.1236
27.1157
70.4403
87.6421
21.3545
11.398
45.4782
49.7671
25.6153
55.9463
130.402
35.2473
25.1967
88.5002
6.02256
84.3943
26.598
46.5771
24.3742
102.833
97.5009
52.5708
44.3983
91.6953
28.8658
60.1125
36.6719
75.4912
68.2835
46.774
4.27324
27.9744
74.2587
61.9918
101.843
18.4553
43.6048
52.8673
49.3826
27.1555
113.886
77.7284
1.72232
81.5464
61.8653
29.6204
9.36239
52.3474
15.1408
21.6365
29.5013
24.2559
63.8912
90.2053
20.7221
10.0598
53.2085
50.7474
39.6511
17.3275
105.234
62.2223
90.6624
33.5504
9.36626
8.20538
41.381
108.365
43.1411
66.8205
73.1548
132.029
14.2117
11.5475
23.6663
72.7243
96.6109
2.81925
118.396
10.462
78.7916
0.919528
55.3247
10.7619
32.6115
9.71126
50.62
22.1325
10.6526
17.265
22.6927
52.8934
33.5989
63.6268
100.963
13.113
63.4245
41.8122
22.4577
53.2907
12.7902
61.1817
41.5514
47.3138
22.081
35.4973
44.0295
7.18507
0.0612901
14.1108
51.4278
18.2259
128.714
33.1695
6.5929
56.757
15.6984
25.3972
28.4664
28.282
87.8123
5.93231
71.973
8.96194
76.3996
36.3278
92.7408
69.9197
45.9572
30.4929
6.36678
27.7719
14.9011
98.117
9.91027
14.2815
32.7059
30.2373
83.1572
39.7011
18.2595
41.2893
82.0997
96.043
23.45
26.9318
39.8396
52.8649
100.74
27.0139
23.8842
99.0039
85.6934
14.9227
21.5789
6.64183
100.776
54.144
46.4509
83.2532
35.9461
87.9139
18.6001
99.4674
21.3204
87.3398
50.8991
33.7787
23.0819
62.6458
15.2003
29.7995
25.9053
248.948
MET does not have solution even after MET smearing.
The solution is returned as if Delta was zero ...
23.1
77.2874
74.094
78.626
78.0354
43.0535
2.71705
47.7503
71.2315
71.9668
73.9725
0.13527
12.5861
61.7883
17.2358
34.1019
71.3109
52.3977
29.9662
12.1832
41.0869
23.9085
41.4714
29.3176
38.1541
42.1354
7.835
58.612
110.884
47.2245
79.9462
103.21
118.097
39.5457
92.3073
47.4085
37.3591
87.7724
5.5919
94.5058
47.7136
68.3838
12.2671
50.8117
15.0394
74.7922
65.072
15.3561
17.4123
15.8677
50.0941
42.4126
96.4273
43.1097
103.75
44.2841
49.6531
83.3923
53.8451
48.7114
38.6391
44.7487
11.679
109.731
3.06225
100.788
53.9609
43.5957
6.62907
44.1909
16.1223
15.0214
63.7182
42.3957
98.9352
0.434163
35.8537
67.7391
72.0041
82.4011
7.17308
9.03245
60.396
26.5648
20.3204
53.7278
36.574
16.683
76.9313
72.5487
51.7916
32.5046
1.0889
7.92773
88.9422
61.406
5.90748
11.133
11.8322
13.8278
109.067
14.4238
6.9387
86.2593
24.4539
119.228
100.942
33.1918
62.4265
30.549
26.4483
26.992
52.9923
17.4852
38.3382
63.2283
29.4026
11.8772
2.6874
75.841
18.5859
23.0368
63.1914
70.7761
103.247
76.1992
69.9644
129.228
87.1658
12.6759
49.3605
73.7436
6.57695
37.2731
72.4846
39.3499
13.4883
94.3271
44.7311
10.4583
29.4062
64.6703
42.5457
85.6473
66.0025
32.7547
47.5867
10.8059
71.0967
129.926
MET does not have solution even after MET smearing.
The solution is returned as if Delta was zero ...
37.7799
21.5276
2.43348
82.1046
51.9902
36.9845
42.3206
63.199
8.30823
53.8477
33.9684
56.9889
38.68
16.9713
47.9064
71.4354
21.3138
29.2479
9.0958
21.5719
10.8687
55.4908
2.06269
32.6846
37.007
1.09187
68.9061
34.473
77.175
18.5955
29.1605
25.7853
77.6047
63.891
52.105
65.8689
34.3525
53.5708
107.052
30.2914
6.46738
1.28581
37.9084
25.2889
30.6585
46.1256
70.7009
50.4032
16.1511
66.6602
12.4386
113.886
46.5779
81.8238
3.35149
89.0444
44.4478
61.8456
45.1892
110.53
36.7171
84.0365
13.7648
88.377
39.0221
62.9441
71.7198
48.6829
22.9104
22.8494
65.0904
75.5412
99.9088
54.4085
6.14782
47.5597
51.9158
83.9344
46.4625
24.5602
37.1662
91.9612
18.9762
17.3128
6.34968
122.375
0.354421
104.641
84.6689
18.7222
55.3381
62.589
61.5236
17.9122
21.7969
34.5572
5.73627
7.8921
34.0621
52.0164
64.5632
48.1976
83.7006
31.4185
17.5744
57.7642
94.415
13.2018
53.3092
28.8815
35.2648
8.46274
6.05065
57.6316
57.5862
12.7268
81.2942
17.7473
4.35505
38.9027
22.9575
42.0121
5.12851
33.0403
18.8591
72.7422
49.6958
43.7847
82.7607
55.7206
48.8159
92.6226
62.3843
39.6362
1.39956
42.3421
69.1389
63.9114
76.4649
39.7135
20.5142
12.6812
36.3898
72.6706
70.1464
31.6599
25.5285
13.8912
46.4097
75.776
101.318
33.7581
86.7782
6.72035
51.737
57.4061
52.6045
87.4612
29.3043
23.2947
22.6956
48.0274
30.3928
6.18224
9.58048
36.1183
71.5308
28.8478
37.9128
56.0338
26.4383
63.2954
35.4503
40.711
97.172
37.8686
12.1474
23.6512
80.9142
35.091
119.619
43.4902
121.255
21.2283
4.39075
16.8447
43.6553
42.3533
38.1601
74.8685
59.6989
102.865
68.1352
112.336
before closing file input /home/nadjieh/work/samples/postMoriond/Aug2013/ZJets.root
before endjob
