**************************
SYSTEMATIC SITUATION: 
**************************
JERDOWN SYST
**************************
file number 1: ~/work/samples/postMoriond/Aug2013/WZ.root
I am in tree = 0
inDirect
treeName: WZ_2J_1T_JERDown
WZ_2J_1T_JERDown	0x2bcb1d0
0x2bcb1d0 tree afterward
WZ_2J_1T_JERDown
6452
89.2622
64.8167
79.1907
19.4805
45.7188
71.2975
104.761
81.3328
21.5839
77.7183
8.60098
104.89
64.0849
52.0457
38.5945
68.6983
19.7672
68.4876
76.8333
64.7796
83.6776
29.0004
77.4789
54.4253
126.297
81.5083
79.5272
34.4324
24.0127
57.1201
86.5924
82.2402
103.899
68.8996
81.127
51.6591
115.404
70.4575
13.4056
71.9917
75.9236
99.1149
102.16
33.5715
3.65595
18.296
105.021
66.5749
24.4541
69.1089
76.4784
47.027
54.6532
44.8599
97.3401
64.1195
71.7941
110.402
92.6358
111.492
41.6057
28.7412
65.2929
98.2264
46.2405
90.1937
62.8018
98.7508
146.225
MET does not have solution even after MET smearing.
The solution is returned as if Delta was zero ...
17.5453
147.907
42.6087
61.4358
53.1149
102.143
102.478
24.8967
10.0515
72.1116
106.566
28.4079
14.3611
6.31487
71.0785
70.3926
97.3429
76.8316
83.054
27.3809
60.6403
43.5091
99.3044
34.9377
93.6883
23.8474
79.2235
21.797
31.3213
63.6109
10.3616
4.3535
95.1326
84.8636
49.9731
72.9075
75.798
98.6028
43.4874
90.1842
22.0868
1.20786
89.9644
67.4046
115.546
MET does not have solution even after MET smearing.
The solution is returned as if Delta was zero ...
68.9281
10.4721
116.954
59.7561
60.417
68.2075
55.5696
71.4022
73.3527
68.4116
29.0416
48.1963
89.7258
46.2788
7.39308
27.0782
48.5016
84.3417
70.8749
102.031
104.99
40.3334
5.46899
85.3278
13.7603
57.3866
76.724
15.7425
85.847
18.4874
44.2984
28.9476
96.9308
11.6286
89.77
94.0468
72.2394
57.4839
99.4953
70.3742
51.1065
87.6988
72.1853
89.8435
92.35
51.9453
45.1878
55.2484
36.4546
80.4233
84.0945
73.5695
78.4224
88.8108
62.1128
25.6369
83.0874
93.1925
83.1224
11.5722
84.3266
49.8022
67.1995
50.9883
51.8608
38.8896
4.78984
63.5322
23.5322
97.3651
92.4687
8.17406
86.5819
72.6269
75.5928
86.524
54.3649
6.36099
84.4519
105.387
123.33
51.6895
89.9587
48.2251
87.8454
81.4884
22.0029
29.2604
53.8906
44.9277
45.1278
145.544
112.247
56.6991
76.0575
52.0934
3.68236
123.897
MET does not have solution even after MET smearing.
The solution is returned as if Delta was zero ...
65.955
27.1348
199.263
MET does not have solution even after MET smearing.
The solution is returned as if Delta was zero ...
76.5359
93.9306
94.0268
17.0655
91.3114
59.7983
37.8237
83.7346
53.8791
68.6317
69.1469
104.217
37.1539
71.542
86.0026
44.3383
74.1864
58.5605
106.025
38.6432
65.8673
46.7901
71.053
60.8384
54.9296
74.7075
31.0718
50.4585
30.6717
48.2425
56.6706
40.3838
108.227
93.3204
8.03067
68.1941
55.6009
76.8298
2.63746
69.6989
106.658
62.9562
29.9127
94.1909
37.2395
58.621
29.2502
78.2332
15.4007
73.2561
35.951
57.9367
81.3117
1.01919
64.3037
0.0120798
75.0765
105.299
19.5433
81.9391
82.5807
66.0175
11.0074
77.7785
73.6503
64.8246
10.0899
27.3459
49.5055
52.8361
64.3266
61.2929
13.9604
87.7551
51.8639
38.0636
105.911
104.088
21.394
31.1976
63.3741
50.6489
72.7409
55.5133
71.9179
10.6723
73.2607
48.7972
14.0864
74.2235
64.5791
42.0357
85.7362
46.1279
62.8884
78.7743
46.8245
67.4625
45.293
52.9371
60.9725
40.8726
123.288
2.79243
40.5045
29.4701
72.5856
34.3827
78.0627
19.9226
74.2466
84.6911
61.1712
30.4427
22.8494
20.9068
44.2106
88.9108
99.6582
97.5789
47.4832
112.42
91.5755
35.2778
92.7686
25.7171
3.16719
78.938
64.1621
72.4568
40.593
94.7126
61.7797
54.7976
84.956
55.3119
95.0509
91.2693
87.3264
126.806
0.960736
34.2916
76.3726
74.9839
17.6967
91.4326
45.0885
86.535
3.07116
76.5656
76.5324
13.44
93.5926
18.2289
23.2204
39.7547
65.9236
118.377
MET does not have solution even after MET smearing.
The solution is returned as if Delta was zero ...
47.7419
42.7163
72.3877
41.3169
58.5369
18.1015
14.6385
73.7842
82.6079
111.379
56.0636
63.2418
71.9542
72.4703
2.48775
73.9359
58.5911
133.601
59.3317
84.5732
84.3179
61.4916
49.7802
79.1742
2.94262
74.2384
8.10968
61.7399
87.7598
44.0403
94.8825
75.5555
5.37359
54.833
28.1356
119.468
98.1315
65.2683
69.3826
38.5599
82.9816
15.4945
34.1595
99.3647
134.113
MET does not have solution even after MET smearing.
The solution is returned as if Delta was zero ...
97.0424
16.3504
62.5759
19.7486
52.4251
85.9198
67.7148
72.9382
82.4173
66.5809
101.909
42.0211
30.2256
73.0489
87.3265
65.0867
44.0969
107.128
76.1045
82.1504
58.1954
5.99773
75.699
86.8563
75.3101
28.6506
108.742
60.8335
76.3325
71.5188
99.4084
24.3713
82.0541
22.5939
75.0201
35.962
48.5108
50.7698
48.9112
50.7103
65.388
83.1549
88.4092
3.85316
69.5856
72.8556
75.9898
48.1297
77.409
111.255
53.2989
44.0317
70.832
59.3971
86.2993
69.1072
85.3478
60.7751
56.4754
14.0981
3.74051
182.928
65.2428
47.0999
26.5248
88.7589
81.1188
4.29349
40.1502
87.9489
85.9728
95.5114
39.9346
73.7241
74.2332
22.9906
48.9416
51.5465
33.0548
21.9984
45.9666
84.4911
67.8388
78.2057
81.4018
65.3098
64.9999
193.019
MET does not have solution even after MET smearing.
The solution is returned as if Delta was zero ...
2.05101
118.337
57.2948
63.9405
92.0987
71.8004
66.5513
46.1588
77.9025
90.2065
27.8264
58.273
59.6803
86.3144
71.615
29.6742
70.1243
12.9053
45.521
75.8333
94.5225
82.4688
28.9807
66.5135
93.9041
70.3377
29.8651
71.5153
1.13995
42.9164
70.9803
74.0465
196.548
MET does not have solution even after MET smearing.
The solution is returned as if Delta was zero ...
55.0624
81.8507
72.7273
111.207
76.3637
142.147
52.0195
158.247
MET does not have solution even after MET smearing.
The solution is returned as if Delta was zero ...
2.21969
88.6179
109.617
68.675
71.9116
97.3906
30.4493
8.25183
72.3723
114.818
87.8545
77.9732
46.6716
58.3883
74.974
29.296
50.1463
121.802
79.3589
52.2443
67.9483
51.2017
60.9222
78.9214
112.513
123.299
39.7449
84.0904
51.672
46.4331
93.6176
39.5346
100.049
94.864
51.2784
8.6599
83.343
60.8777
72.2962
163.497
MET does not have solution even after MET smearing.
The solution is returned as if Delta was zero ...
19.6455
8.59352
54.1497
43.2591
68.7082
11.3188
42.8171
33.132
35.4835
39.1814
88.4473
99.5292
31.4535
75.8005
23.7047
97.3027
8.89839
71.5522
52.64
20.152
49.922
77.3892
17.8509
68.0723
38.7995
81.143
41.008
38.7592
72.9858
127.527
89.3759
38.0577
101.761
58.4232
0.206955
85.2304
29.478
83.0622
63.0226
90.9418
50.1119
73.7315
52.3863
74.8868
65.3428
12.477
43.7552
71.0514
22.6093
66.2446
68.9442
81.8151
10.6983
72.3924
103.732
27.4457
67.4654
58.8571
0.933341
5.44244
24.3978
48.3215
95.7791
65.8127
17.2795
2.8714
114.588
191.486
MET does not have solution even after MET smearing.
The solution is returned as if Delta was zero ...
71.1623
55.7121
169.663
15.775
88.3349
98.4144
9.44954
80.259
65.1863
73.6039
144.789
MET does not have solution even after MET smearing.
The solution is returned as if Delta was zero ...
27.0728
39.5637
61.4354
77.6077
65.6994
97.4323
6.59476
6.79585
78.9164
55.7933
38.8288
61.533
77.1947
89.3363
80.5292
88.0094
103.021
4.1627
55.2923
35.1477
86.109
65.6437
70.586
53.2827
45.4233
40.2471
63.4863
73.6853
26.9141
50.0162
7.00928
78.751
54.7955
69.8628
64.2646
81.7755
82.7687
78.0553
29.2459
0.797013
79.2018
53.098
60.9757
91.2198
41.7288
49.7205
93.7091
31.8573
66.1217
104.567
77.0603
130.471
112.03
10.4991
26.1174
75.3522
32.3056
28.7978
31.9761
24.6297
76.5463
81.2838
11.4305
50.666
82.0457
53.9459
62.3335
6.44468
112.64
42.2105
45.6111
36.0598
89.9459
94.5488
89.7558
48.7573
42.9493
96.2857
42.0857
45.4664
60.2961
84.4246
66.9263
56.168
82.0235
74.55
10.0149
26.0017
91.4498
96.3877
40.883
45.0637
69.2857
92.2838
26.0328
95.3336
89.9689
75.9051
15.9265
80.2346
86.2567
60.4268
87.8096
88.8069
42.148
77.6575
93.1689
52.2938
50.5315
71.7411
47.8189
79.1662
109.791
57.2137
24.6148
5.56055
140.745
22.9654
95.0095
17.9098
2.88958
58.6961
65.4218
64.2371
71.0908
78.9082
17.4781
69.7362
91.9189
78.5956
145.236
MET does not have solution even after MET smearing.
The solution is returned as if Delta was zero ...
127.463
47.8032
26.9997
47.5411
74.5713
72.5979
18.7472
61.518
87.7439
37.3707
83.6897
77.3425
132.666
74.6624
30.1671
48.7405
101.877
38.5935
25.2587
40.308
38.2273
29.4505
8.79362
83.0337
95.6356
54.3049
75.2917
36.0084
64.156
71.137
35.6098
60.5948
73.6476
74.6662
63.6532
92.1272
75.9167
15.6499
116.174
85.3893
78.2857
86.4289
48.1864
90.5295
7.36691
67.1088
62.9566
64.2641
124.465
24.593
68.5029
79.5107
84.0975
73.2514
93.9486
67.6444
23.9397
90.1298
71.9105
38.0796
68.7087
40.041
33.7899
45.0924
75.3958
88.332
96.4876
0.399814
57.0305
81.6769
8.93929
4.25016
2.01855
59.2659
65.2919
79.328
16.9608
50.2124
69.5407
66.1841
11.1204
76.9138
43.7932
19.0339
85.7662
84.5362
20.8307
11.2452
76.7632
57.5236
50.1839
46.8959
57.762
51.3421
75.133
69.2359
76.3797
83.5609
103.373
97.6275
13.565
110.574
78.7889
31.919
36.9249
83.5595
55.9763
87.5178
92.0878
80.2813
80.9604
73.5052
62.2
70.3272
104.338
86.3342
68.2033
82.8992
73.1168
32.0858
72.3278
55.1376
116.393
46.0093
109.418
84.8634
82.1082
73.3265
73.0796
103.939
80.2144
101.213
80.9775
19.3795
63.8909
79.0804
48.6278
56.2518
71.4188
71.8117
28.1303
78.4445
1.75143
43.8804
104.476
57.9671
42.6517
16.7902
40.577
47.0804
73.1738
57.5452
45.2091
83.7632
92.3045
13.3577
20.3201
81.556
51.6297
5.19957
69.1839
95.6646
28.3132
58.0445
74.8689
67.6336
67.9439
95.511
41.2394
95.6493
86.8925
80.5492
99.2848
66.5416
111.905
83.099
46.3101
74.7581
74.5988
39.7338
67.0774
92.2796
66.8462
57.9364
44.488
41.1226
56.9734
79.6771
13.3026
39.7993
81.3419
51.9994
44.9105
90.0104
0.0568631
107.196
69.2529
70.9075
97.7947
8.43616
42.6361
21.1197
52.4128
60.7643
77.2354
46.7293
58.142
79.252
51.6731
21.8524
97.7001
37.505
67.1448
89.0828
80.7855
94.6913
61.2632
153.99
MET does not have solution even after MET smearing.
The solution is returned as if Delta was zero ...
84.5981
46.2827
16.2775
114.589
25.3071
15.75
20.8939
0.972679
69.2493
69.666
35.916
82.0396
8.46653
97.0324
3.47025
121.155
1.766
75.987
73.7683
118.484
61.0029
17.9824
86.0623
19.066
31.2227
70.9175
128.881
84.3591
18.3961
94.9352
108.16
91.6942
45.996
97.9669
92.201
2.67746
64.962
43.8789
35.3398
26.569
100.086
50.6441
62.6126
74.3007
71.8277
68.2056
26.8464
77.299
60.3557
84.7578
83.7617
104.771
79.8722
55.1073
7.15588
114.714
76.5134
53.4664
46.4359
77.5584
69.0812
74.4264
77.6384
47.3121
85.2922
54.2408
27.7714
10.943
24.9499
80.3798
99.3022
22.4596
83.1229
75.2799
44.7999
45.5683
83.9608
66.2066
18.3859
53.2183
50.0711
18.1505
83.5042
10.2352
89.6554
164.422
MET does not have solution even after MET smearing.
The solution is returned as if Delta was zero ...
119.78
106.822
69.3485
61.4078
31.9534
92.2432
74.7606
128.617
108.318
70.9036
20.2832
101.064
49.0812
61.1845
61.8319
87.0581
107.401
81.2445
54.4913
75.8421
82.5241
38.0343
84.3437
37.8656
64.4536
15.4118
26.2118
5.99685
69.3445
76.6536
10.316
105.2
74.0722
78.163
28.1493
95.2029
48.7913
98.1607
77.6406
97.6635
39.3968
20.9058
32.6936
77.3616
68.586
67.9843
43.5277
73.3022
88.4974
89.6778
143.816
68.163
73.8296
75.3272
6.22436
4.79284
95.7382
21.6499
63.7581
90.1496
52.374
85.1984
95.6651
96.9194
35.8003
72.9427
59.5416
94.1025
113.005
57.3632
125.815
71.5785
19.3516
100.088
63.6312
58.3873
49.7117
91.6033
16.5347
112.551
53.518
76.0579
30.8565
125.499
MET does not have solution even after MET smearing.
The solution is returned as if Delta was zero ...
71.9398
68.1223
75.6571
47.7318
13.3389
61.6174
52.4636
95.2456
75.814
74.1515
63.2242
70.6718
27.2103
68.2739
79.6912
97.6955
31.4041
83.1836
72.3493
30.9423
74.7893
2.74609
46.5487
47.4679
77.2827
35.5872
39.1346
19.3685
90.0975
63.1305
1.28241
56.5892
73.8436
33.7633
12.3631
69.304
79.3171
52.3443
56.3744
58.3398
83.7758
90.0037
39.9794
83.0222
37.9523
67.7676
38.5588
63.2961
105.45
65.5342
82.3661
44.2129
22.7244
35.098
64.5886
102.284
34.2086
70.4538
100.191
102.312
86.2222
51.7148
3.75036
107.68
58.7884
76.2902
67.9303
146.148
77.6953
62.8924
69.7074
76.6763
1.78047
101.942
79.912
88.4093
21.277
38.7017
37.1443
58.3798
94.6396
61.6805
57.3527
88.6415
103.96
63.0327
9.93233
78.4631
70.7646
122.318
94.4757
83.1269
122.104
42.767
74.6274
149.657
102.413
35.2622
27.9499
9.71135
51.5046
121.802
75.0572
40.246
65.1682
46.6374
18.902
69.559
71.4829
39.7855
65.4198
46.6353
97.4953
53.7714
77.5949
5.57434
4.67569
87.1021
78.7928
27.971
10.7534
106.529
40.7839
103.231
87.5429
79.3495
82.6544
29.9874
19.4534
131.266
MET does not have solution even after MET smearing.
The solution is returned as if Delta was zero ...
68.2465
64.5847
122.961
86.8946
77.3423
44.1271
22.9143
10.556
75.4999
85.9632
64.5422
83.8727
31.9151
125.309
19.3824
45.6528
91.7717
96.8188
33.3631
95.0677
56.2304
65.966
44.469
86.0403
7.29825
55.8108
66.9746
31.7627
63.699
65.7453
52.88
76.9427
12.3682
48.0125
23.8085
36.2646
52.9066
74.9182
89.5416
40.2044
53.6075
82.0137
46.315
69.5093
107.724
92.5807
76.7253
53.2302
46.6209
75.5786
66.8639
61.3873
29.1204
19.8378
45.8693
55.7645
85.6523
0.736734
81.7822
84.5089
115.104
53.429
68.1274
49.7961
68.1141
55.9526
72.6263
55.9507
72.8338
57.0626
89.1843
49.2005
73.4744
86.0499
75.5218
74.8543
57.6039
96.9409
45.1111
69.3364
42.9278
74.4601
5.88929
87.9587
69.8385
69.422
42.355
46.4774
107.914
60.983
84.4456
16.1141
60.1879
90.1262
73.6902
74.8925
55.5086
114.11
60.7808
74.4001
88.5667
71.5414
0.682146
6.35932
86.5642
68.0959
56.1858
43.0468
12.3482
25.3158
23.838
77.9963
63.3369
143.62
48.5678
22.6566
111.422
77.2877
62.7591
93.6543
62.0133
79.5133
85.845
84.4914
23.1179
71.2457
72.7411
17.6247
74.2004
9.21072
126.4
16.4742
54.6899
94.129
86.8643
30.7388
19.5456
46.6037
71.58
44.6799
90.4736
119.718
70.8669
40.9895
62.3339
60.3198
13.9128
52.5584
79.8665
30.801
65.1038
69.9937
62.8595
50.1993
91.1055
86.1919
33.3842
27.1337
125.09
65.5302
12.3436
58.6776
61.5818
77.55
38.9835
95.0296
76.6626
76.5946
45.3591
55.3074
72.1437
33.5132
40.6992
80.902
91.052
67.1773
55.9033
0.727941
106.334
30.3855
71.9844
18.8665
15.3064
112.016
63.7179
61.3036
70.6938
51.3211
57.5751
87.8673
110.267
58.4329
8.35941
59.78
31.3458
33.4299
31.2163
9.69619
36.2832
88.1654
106.761
46.1477
46.2382
39.9119
37.6793
33.141
80.6873
85.4941
31.8044
60.9325
77.658
89.5393
51.8715
51.4803
60.7107
28.8956
2.40104
36.1355
67.3288
43.8911
53.5022
84.2296
17.8753
82.0545
12.3504
69.6718
33.4559
103.513
115.243
67.4036
102.417
111.737
56.1675
82.4878
49.3601
80.0818
94.7054
32.3221
118.848
65.5559
63.5191
39.0968
42.6504
78.179
38.0546
29.7541
61.8015
1.98202
67.4
79.8671
101.101
50.8273
1.37559
96.8557
43.1663
99.4061
10.8905
54.4313
54.5448
81.3643
143.697
64.4428
110.457
105.715
43.3614
1.48639
11.4953
76.4008
31.588
87.7363
52.521
51.9954
11.2888
40.1063
86.5733
1.66662
89.0372
79.4085
130.933
87.6512
35.5881
71.4672
84.5565
11.8297
77.3608
114.224
62.3842
35.2313
92.9217
91.7561
59.1647
43.277
83.6987
24.1454
81.7668
74.8296
21.3082
71.4935
49.1477
59.9135
54.8035
9.86545
96.3676
33.1472
59.6253
5.33513
28.2491
34.2262
36.6451
39.2713
77.6593
69.22
70.1331
44.921
45.5766
49.7007
105.063
78.0148
47.1554
71.8046
8.03086
34.8769
80.0377
75.7081
0.283606
34.9661
43.9208
81.6645
82.8036
97.4114
40.4452
87.4445
0.297082
52.4338
76.2464
51.7157
64.2605
54.9016
80.4732
52.5824
61.6022
48.7852
16.1235
34.0065
92.0903
57.8517
91.5593
37.4947
26.1024
61.5643
156.144
47.0286
4.44229
81.236
71.3865
44.3161
22.8302
76.3421
94.5362
78.2761
77.8339
11.9962
32.0393
52.2625
62.6212
93.865
33.8475
20.7236
18.6783
19.7345
84.3952
58.3703
58.5518
74.5747
48.6668
74.6796
83.0426
102.509
42.7516
25.9658
32.9885
71.3672
63.0166
14.0529
127.102
64.5219
90.8253
88.7669
21.2945
32.3307
64.596
16.5145
45.2915
43.5362
5.31397
96.7746
41.1178
80.5724
3.89913
65.1695
53.2925
136.689
22.1545
14.3131
25.0259
76.9513
21.7508
62.8976
83.5884
85.3998
41.7171
71.3937
141.704
MET does not have solution even after MET smearing.
The solution is returned as if Delta was zero ...
84.0967
70.9045
78.2141
44.1818
65.5072
99.3071
86.9211
29.0022
65.1592
62.4459
53.0949
71.825
96.7441
37.8991
26.4811
44.9872
25.3934
77.2454
51.5497
69.5734
84.0001
154.268
87.4453
82.5138
64.9151
46.7825
59.9933
54.288
38.5856
49.7493
59.795
12.3925
35.7878
67.4334
50.3556
26.5456
36.6036
68.1337
26.6793
43.5726
76.1705
107.044
33.1952
63.7077
16.8997
88.9165
73.6979
18.4318
16.5299
3.63045
50.6822
28.3335
64.4893
86.2745
71.3176
16.4759
150.698
69.8592
75.5015
81.4065
76.761
36.8289
60.474
49.9936
23.4527
43.0623
75.1463
74.6565
70.935
88.1197
25.8396
45.9945
21.4944
62.8336
100.92
42.6462
6.56323
33.3798
86.1777
19.2864
35.7815
4.88885
35.9636
42.186
10.9535
68.7148
97.748
18.9714
79.9415
62.097
51.3145
26.0024
67.4502
16.7066
90.5957
67.8915
33.0933
93.7959
42.3941
57.1883
75.1055
77.7975
74.3449
10.6084
89.0385
78.622
48.2066
12.5026
22.3724
88.2831
91.1926
70.3287
7.70254
58.7355
18.923
46.1614
78.3958
51.2975
24.2182
76.6508
66.6936
4.12494
68.232
27.6148
74.9989
82.3401
146.244
92.3643
10.238
52.7243
82.192
85.1756
43.7355
44.1193
63.4089
86.4983
66.5174
51.646
38.7115
45.6032
86.4254
54.072
75.6591
142.155
MET does not have solution even after MET smearing.
The solution is returned as if Delta was zero ...
42.6555
54.3296
36.0124
27.851
40.4392
38.7626
26.3049
100.328
32.1594
94.3188
38.0745
47.2467
66.7511
87.1741
62.3656
44.3174
46.1463
39.9855
69.4884
46.2793
91.2398
27.5348
32.1766
13.6365
47.1987
65.0251
92.68
84.5082
92.2115
96.17
29.9536
51.0714
94.6921
117.545
61.2782
67.0102
83.9156
84.2595
50.3156
42.3373
66.4969
98.5016
91.8175
55.0471
47.6191
3.5818
68.6254
71.7573
10.4699
76.1277
80.8924
53.8491
46.787
61.8165
85.9655
73.3404
64.0859
50.2739
27.5939
48.2509
65.3433
66.2693
58.5341
81.2136
49.5265
67.1052
45.8218
59.0648
161.889
78.5071
4.29133
91.4041
104.261
118.286
44.9317
110.33
67.9866
46.5889
76.8853
46.9494
104.32
72.758
74.9333
72.0028
80.1846
73.923
43.6523
95.0342
0.302768
56.1187
69.9945
75.3472
15.4958
76.4538
26.0952
42.0404
65.9713
45.4197
37.5981
30.5994
10.3169
64.3862
68.266
81.7284
13.5724
72.2608
62.4812
67.473
31.1867
29.0859
42.8702
30.4426
67.2665
91.4257
80.801
50.3023
59.0602
27.441
72.1978
98.835
16.4357
90.7141
104.497
66.5326
99.1267
78.714
4.45035
51.1696
74.1597
100.592
81.0433
50.4022
132.272
48.9764
60.0991
74.0501
20.8529
105.232
65.6943
86.1237
106.697
130.239
1.23662
86.4865
6.52015
76.2276
93.9488
59.5823
109.612
84.1442
37.4398
23.1237
71.3809
21.2523
8.54422
104.727
80.6592
53.7241
82.6422
9.70168
56.7929
17.855
69.0464
53.0555
72.8455
77.6925
13.0933
75.9752
40.6647
28.3423
83.9231
77.4082
75.4136
67.9336
37.4191
50.2245
44.7608
50.4427
76.8816
83.7365
55.4605
36.9999
5.39404
14.8827
28.369
83.094
64.5294
69.6899
60.9209
35.0305
10.938
65.3822
15.523
66.3793
92.3682
38.5641
29.5188
57.26
4.62645
120.681
18.2513
13.1338
17.1
83.6516
132.221
MET does not have solution even after MET smearing.
The solution is returned as if Delta was zero ...
43.6117
57.3406
41.6122
58.436
73.9591
76.93
88.6379
77.5178
32.6163
31.0608
52.0554
74.8747
79.3022
97.0029
106.973
44.1306
77.3977
90.4326
26.2815
110.772
1.67654
88.0998
36.0573
26.7141
80.9199
70.5542
51.1846
12.9928
47.0038
77.9788
31.2199
60.7654
63.8469
59.5543
22.1587
17.5829
36.7766
82.0412
67.8895
81.5054
32.7258
89.6836
4.88027
85.2002
25.7017
86.5432
73.3647
79.7966
37.7465
81.4811
91.1798
57.8202
69.0068
4.08798
77.8358
55.4501
6.21343
23.3357
63.6235
13.7445
65.6387
12.1176
112.327
58.6583
40.2376
66.6641
69.1909
47.082
29.7873
84.3217
46.3283
98.3882
47.9193
56.3281
39.164
9.11197
33.87
60.2245
86.829
116.978
0.976949
6.07564
34.0915
74.4371
65.3511
15.0309
33.5098
42.2018
100.585
89.093
50.4476
54.3177
104.568
97.2044
89.1528
76.4013
61.5125
68.6758
89.7284
66.349
33.641
86.5636
32.9626
52.0859
96.8447
43.3999
84.9323
104.726
62.3003
21.8761
60.9081
21.9929
102.69
82.8824
82.7369
50.1692
12.3038
12.0939
35.4759
11.5797
99.1588
106.268
46.1183
54.6598
88.391
7.91865
10.3568
80.1025
69.0975
78.1328
78.7587
87.8343
23.4604
53.8007
2.85012
67.0356
51.039
34.3871
2.62837
44.5715
8.52449
99.3853
54.8705
83.5261
11.353
52.6534
79.9867
47.117
86.7958
80.1761
94.0429
15.4429
43.091
27.7642
65.2739
47.4766
75.7435
100.873
68.322
146.162
86.4445
12.821
88.0638
55.2389
77.0518
47.7507
63.5243
130.991
70.1512
65.62
43.2393
27.8359
72.4513
89.8841
22.5285
17.7209
65.1036
110.269
69.1561
89.1564
66.5422
104.32
20.1068
48.8584
141.369
MET does not have solution even after MET smearing.
The solution is returned as if Delta was zero ...
53.7114
4.5432
78.4685
42.6034
45.9585
62.368
92.155
81.6482
81.6083
71.8947
21.0814
85.0728
22.9278
20.4114
47.1548
86.8025
113.486
71.7742
68.5923
69.5994
39.5523
103.604
53.2606
70.9184
92.7642
113.511
72.3345
78.065
70.7491
77.8727
111.5
55.1462
57.7448
127.393
83.2139
116.448
32.997
80.9786
90.2034
85.5552
3.90826
78.2646
46.0704
85.7156
114.145
18.8423
43.0566
41.0978
60.11
18.5836
62.8334
71.5684
72.7905
73.5072
56.0898
17.1703
73.4137
85.1714
28.7997
77.6204
54.0295
88.9614
63.2121
48.7885
22.9765
93.4481
47.351
36.368
67.9569
0.486939
79.4216
79.4094
59.0288
7.41807
10.2427
37.5989
65.0086
24.4717
81.94
8.46763
70.0732
31.3602
44.9782
69.6977
97.4061
105.911
125.875
83.3996
60.7646
78.4785
78.0875
65.9288
10.8634
86.3609
72.9337
8.92009
22.5807
80.8277
100.454
33.9938
85.4591
62.8014
3.5613
114.054
69.6302
46.7994
50.7055
82.8928
66.6659
15.066
93.9761
72.7226
54.4842
68.6719
44.2872
57.1277
66.8651
80.1883
18.2813
40.8325
64.332
78.0971
92.9621
18.8601
24.9462
55.815
68.3913
67.5692
103.675
72.5982
1.78492
28.9998
98.8792
73.7445
75.9575
27.7935
79.0965
22.0946
86.8272
52.0373
65.4116
47.8058
83.1537
76.5225
55.787
70.6948
72.3243
30.9222
87.9919
52.9727
70.759
11.0103
30.3679
12.741
67.8105
54.1479
118.486
31.0134
78.1618
4.60821
25.4695
56.2316
30.4659
85.7859
69.9591
11.3093
25.4812
84.8099
2.35195
59.4578
39.0983
62.6994
78.4236
7.1203
4.87486
49.6543
51.31
66.8198
57.2468
38.5439
66.5186
22.1326
93.1605
72.0505
91.1063
72.464
80.6952
48.9831
75.0155
58.3852
0.274309
42.033
10.2492
110.043
107.079
78.9302
72.874
16.4334
37.7526
13.0843
47.508
48.3567
25.085
32.9775
2.69224
3.81656
7.20213
83.3433
7.75943
77.183
82.3993
2.835
1.97922
39.3796
96.6033
18.0478
73.1226
16.4722
65.9387
84.4952
48.3642
55.5674
21.307
42.2219
74.099
27.2848
110.687
102.769
77.5125
96.0467
96.0222
66.0757
13.7049
55.5903
51.9341
130.123
88.0393
71.3643
60.2326
96.1302
11.1233
61.9177
79.7271
74.1207
80.8174
85.1854
71.3015
49.6687
73.9243
28.2211
69.2536
29.8723
94.2489
75.0787
100.169
54.9055
107.736
78.4391
70.1827
69.1061
47.7421
51.6183
86.8997
21.4091
37.1389
65.0331
67.4947
95.1302
71.2054
22.0016
25.6952
17.7695
101.989
55.1093
88.2667
8.56901
86.658
22.655
7.95725
36.7479
23.671
71.9803
113.666
77.6753
58.5372
78.1321
124.739
17.2301
65.2623
23.1887
8.09116
62.7308
87.6365
76.9602
5.03975
58.7008
15.0996
23.3377
27.0719
70.2375
64.805
47.1252
60.6891
28.3638
33.6799
90.1732
80.0278
16.4942
90.7381
143.527
48.4408
12.5711
90.5249
70.9849
49.8135
17.478
59.9447
41.5324
62.5907
86.9475
134.365
80.2358
55.7354
37.6213
62.2825
7.74305
51.7029
39.7834
117.099
61.9223
50.7003
46.8185
136.863
MET does not have solution even after MET smearing.
The solution is returned as if Delta was zero ...
76.7031
38.1442
28.8203
70.911
54.8312
31.2506
4.94422
318.692
MET does not have solution even after MET smearing.
The solution is returned as if Delta was zero ...
74.5706
4.75607
69.3451
77.889
31.4177
52.4116
83.1745
70.1994
6.17239
90.2658
56.7295
45.2912
97.7197
78.3473
67.1271
26.2509
28.8431
17.2281
71.0285
67.426
83.0336
59.8887
91.048
91.5127
83.0703
13.5623
93.1163
58.1123
78.2996
63.6371
17.9632
58.516
97.3371
119.418
17.6535
60.2231
62.7173
144.194
70.2672
62.6235
81.5797
25.7835
130.841
88.8501
9.31097
86.5607
73.0847
84.2289
55.3141
81.4338
83.7636
72.6565
81.9222
36.2268
3.57563
35.6544
38.515
76.8545
55.4822
40.0555
27.6379
71.7095
82.5719
62.0505
48.9841
26.706
68.9213
4.25214
67.2882
76.8432
86.7733
94.9102
69.9557
10.1185
58.216
114.15
97.6022
132.717
73.2144
47.1309
82.4537
69.8087
78.2242
78.7686
66.7951
94.8438
77.5624
127.948
57.5769
91.8212
80.7058
76.8513
69.177
70.4623
76.7295
78.9714
54.4296
95.0165
71.3948
85.5421
126.414
68.9675
43.9885
100.816
85.1237
87.7675
89.3535
108.719
70.8059
70.7024
92.5906
110.038
22.976
15.9007
12.4269
54.8229
65.8743
106.48
70.5215
47.4547
82.2844
48.2455
65.3662
93.4514
76.5381
45.5679
49.2573
39.2682
57.4142
82.067
68.5312
17.466
74.3799
10.0088
54.1213
92.7928
104.204
45.9125
78.1762
104.23
65.6969
48.7277
79.857
30.069
11.4103
21.0338
49.8126
58.5264
56.5988
49.5275
25.4562
88.8374
55.4837
13.9874
98.5708
59.575
83.5484
50.7359
29.2738
34.2672
96.1041
85.9203
34.0044
43.4256
31.6838
18.6261
44.7395
42.5445
24.4289
94.7946
53.1221
63.9141
79.174
63.4194
68.5404
102.592
69.4733
65.1352
49.0745
25.6947
68.8272
88.9762
128.694
73.3745
75.7289
122.401
87.6279
66.3594
67.7951
64.6029
104.008
92.2208
8.19317
1.19147
84.534
65.97
13.0331
23.4401
59.9485
43.2091
74.8458
2.36278
40.9303
10.2818
87.0507
3.03871
73.1075
6.54331
67.4497
37.8714
77.0608
15.1166
20.9044
51.0996
18.6079
85.3149
15.5708
122.067
64.721
91.8607
40.0861
77.3062
53.6779
69.0506
94.666
57.064
73.2276
70.0582
64.7002
46.9734
70.6497
62.6431
41.7688
72.501
7.27326
54.3834
64.2531
83.216
73.0043
39.8457
49.0035
80.7126
17.495
77.1821
52.2638
63.4321
141.648
MET does not have solution even after MET smearing.
The solution is returned as if Delta was zero ...
18.2108
57.723
37.4531
96.6955
92.7089
68.5911
83.2156
86.1055
71.8213
33.2641
95.3632
98.0314
77.4998
51.8371
12.812
104.261
25.9861
50.491
71.6379
83.0003
66.9879
55.2447
19.8002
93.2164
91.6541
116.449
40.1658
52.0021
18.0164
51.1197
56.3205
80.4854
30.8073
50.6749
24.3674
62.7404
81.7271
38.1537
109.878
105.458
81.4477
56.8739
183.79
72.9751
46.8301
29.5036
103.103
95.1596
71.615
74.513
13.3892
77.7773
87.4595
74.3255
37.1822
70.4555
18.0859
121.259
82.8586
10.6866
60.4607
126.608
46.9624
74.2819
101.945
53.4079
83.0899
54.6067
61.0349
62.1882
83.6016
72.8287
106.511
4.75021
112.86
65.7628
12.2286
57.0629
10.6508
6.26378
23.6387
79.3885
91.2881
41.8404
58.137
53.6073
78.4102
46.2705
48.4401
25.8358
81.6041
23.4879
16.1438
90.1137
68.2381
30.82
57.4281
42.0491
75.6147
60.8242
84.8246
104.916
95.0739
10.8357
81.2998
56.9424
105.304
94.6792
4.03877
69.7093
95.0307
102.639
52.1345
79.0112
75.793
67.1953
74.6924
25.3171
83.2962
50.2892
5.57872
54.7482
24.5298
60.1308
57.3114
97.1854
54.3978
64.4575
5.41103
64.2498
2.56897
17
82.4496
45.7513
51.6536
28.4477
53.3509
69.6326
53.1254
70.7796
14.0711
100.679
18.8969
42.1891
100.23
96.7957
28.3072
56.0522
7.48178
91.4967
75.6976
34.6128
3.5854
47.2698
41.1735
115.118
52.0866
82.9511
56.8173
70.6321
66.8516
8.97797
23.7025
83.4921
51.7899
47.3652
57.53
79.7309
90.1241
56.4479
12.2594
57.2717
115.918
46.9716
72.2981
81.8715
63.4973
39.8314
83.2468
12.333
85.7453
22.8657
71.1032
32.062
52.8603
10.5581
51.355
128.966
21.1378
67.0399
29.1979
77.1606
80.6798
6.51114
68.5138
77.9076
8.67018
33.0504
80.113
33.3423
70.9259
74.298
49.9755
42.2678
60.9776
73.0587
49.8577
47.9778
71.6075
45.555
57.9707
31.5754
58.6364
79.45
87.0142
84.1878
65.2667
26.8917
88.0524
71.2774
86.645
61.6946
72.2384
14.7144
59.0163
76.1272
33.803
15.4906
104.793
94.0308
67.7289
62.7585
97.7116
14.8652
60.4905
92.9418
55.9501
91.3033
127.005
3.72645
85.0293
90.1706
66.9281
37.6771
42.3816
104.189
60.9612
27.6517
70.6459
74.0257
20.5382
34.1838
73.9605
79.283
48.1056
50.4905
15.528
54.2944
90.0343
76.2634
58.435
28.021
62.2126
83.3109
184.261
65.5427
41.7887
90.354
34.1457
157.588
33.371
121.756
53.9393
82.0426
41.0642
63.2423
76.9743
83.0968
44.0688
19.7056
61.0662
65.5621
70.9694
11.7051
81.2121
62.1354
15.3493
5.30123
115.525
71.7226
65.0044
74.9444
71.6505
5.38777
92.4508
81.219
60.085
84.3881
73.539
81.4746
7.38734
66.5881
76.8661
1.59386
58.7042
120.205
56.9897
26.9334
62.1424
55.1425
69.8838
73.2072
47.7178
74.8421
129.073
MET does not have solution even after MET smearing.
The solution is returned as if Delta was zero ...
50.6308
65.2006
65.5241
9.58841
21.726
28.2348
111.701
108.582
74.3114
102.163
85.4016
15.875
19.989
77.9233
110.333
63.4302
51.9702
15.9555
22.417
14.8449
54.4338
27.0507
21.651
52.9332
43.0684
94.6873
76.3101
10.911
100.537
56.1655
65.9852
72.2269
78.8244
62.5516
46.9084
74.529
93.2924
66.1692
88.7597
57.7304
49.2829
97.6429
82.7199
31.9523
40.3746
25.6111
40.9082
56.2623
66.7388
16.7356
55.4388
38.7831
69.5224
68.0321
98.5514
19.5353
53.5159
3.2354
99.7155
136.904
MET does not have solution even after MET smearing.
The solution is returned as if Delta was zero ...
28.7652
39.4279
6.35949
90.2579
37.495
93.5971
64.7698
41.2382
4.86446
79.8811
72.5993
70.3611
76.2909
69.2833
69.3988
70.2382
76.6544
80.3525
74.7926
46.2733
84.6476
45.5109
60.4218
86.3158
52.6024
31.7488
120.55
75.4599
69.7601
52.1133
102.624
22.2571
36.3998
48.2693
90.7789
30.2328
47.7418
74.8901
10.4664
53.3629
21.4029
78.3358
82.3342
54.1866
81.4882
67.6112
79.3311
42.4912
106.904
44.7487
50.1231
69.4606
87.1543
70.0845
56.9254
42.8565
55.3213
44.8938
64.4628
43.4539
69.0943
38.3852
73.6946
44.2952
21.303
53.2675
54.41
96.7269
103.019
87.3082
45.1953
21.8995
15.1209
22.6182
3.39586
96.4569
85.0678
96.8139
56.4041
64.2131
54.8914
51.7074
61.8749
59.0896
68.2322
53.9295
27.8278
48.7273
14.5124
33.3138
74.0662
64.8854
75.9551
67.6342
52.5409
64.5706
51.4403
2.20816
65.5096
78.6936
60.8018
78.6309
81.0258
4.89473
101.885
69.0085
23.5295
22.2105
102.237
12.6888
10.7597
83.5575
35.9441
53.5996
75.6372
83.935
115.312
75.7699
47.6218
73.3183
48.1449
19.4155
82.7778
43.4021
46.7517
87.5267
21.4327
58.865
65.9925
53.5422
70.7377
11.1186
59.3714
97.8025
39.8632
43.9872
79.3312
85.0673
49.8206
87.4047
57.6743
59.2972
58.5663
3.10709
76.3702
74.0957
46.9663
25.4587
46.6274
118.76
59.6421
5.3717
31.1495
17.4648
103.867
3.54448
54.9287
72.9274
59.0958
46.9352
86.3899
49.7638
85.9523
79.4829
27.5451
88.0045
57.5658
70.2947
78.0132
29.7862
83.115
74.3505
148.575
12.1867
56.7463
93.5062
93.58
97.4541
23.8726
11.0331
8.738
27.269
18.5678
62.2054
58.8175
23.7042
95.2214
36.5068
34.118
0.079334
13.294
33.7321
60.8997
21.9627
66.5627
29.7026
48.5582
84.241
10.4448
119.023
3.5107
80.6918
32.6667
47.9426
108.102
103.452
30.2615
50.2417
53.0575
81.371
82.4692
134.951
58.2452
121.415
77.8794
82.3099
105.421
31.3692
23.3195
38.8353
71.138
51.4869
73.8364
2.50607
26.4489
73.8573
80.2127
92.9708
104.559
3.70426
30.4968
54.3615
37.241
86.9746
46.9456
87.4873
89.9912
60.8685
46.7985
91.1566
84.9594
3.92566
54.5061
1.87285
95.2523
75.8652
91.8107
10.5664
9.9032
0.90582
131.39
100.497
63.6629
101.375
70.6802
7.76033
79.3935
8.9127
130.744
77.0358
53.2348
88.3435
5.54696
75.6338
68.278
43.7031
68.0572
21.4883
16.9528
44.6924
2.99662
137.836
MET does not have solution even after MET smearing.
The solution is returned as if Delta was zero ...
68.8893
102.151
20.0076
70.4657
44.9973
28.1379
61.4681
12.4018
42.994
84.7603
87.4991
70.6211
31.7954
48.9998
39.8677
7.83053
74.3263
23.4219
31.8503
50.8011
53.0478
111.232
72.4282
80.995
55.416
108.256
60.724
68.7044
63.2233
80.1643
7.47212
19.8974
74.6801
128.369
27.4249
4.6867
95.8797
57.6969
24.5132
51.5558
78.2639
5.07003
49.0421
61.4032
80.0893
8.00859
40.7255
84.7895
99.6479
13.5283
56.6728
71.1669
7.40737
87.7317
78.6298
91.4237
39.4416
51.6158
26.6423
55.9462
23.6015
82.5335
53.0755
30.9084
56.4603
65.6302
17.0648
57.6675
42.1499
73.3068
100.29
23.7647
27.9458
91.0588
51.1493
82.8244
41.0552
63.8435
47.4236
90.6454
80.3385
89.8388
89.6301
116.026
88.2032
93.885
46.7307
23.9084
72.9677
72.7275
48.4298
18.3755
72.4444
58.1746
59.7122
65.7773
60.3602
45.2657
67.7647
1.82422
46.9553
65.0327
111.401
1.47266
103.316
87.233
73.5339
69.9916
25.5603
57.1176
35.3182
45.5668
74.1279
70.5555
44.5594
65.9149
15.7833
75.0399
69.1437
63.1061
11.4195
76.5253
65.3058
52.1843
41.4051
44.6293
67.1351
65.7049
56.0026
74.5577
35.7293
83.3117
84.0143
52.989
99.0449
47.1375
165.646
MET does not have solution even after MET smearing.
The solution is returned as if Delta was zero ...
26.6383
25.5406
42.8909
80.1584
12.6841
63.1236
133.561
101.616
75.1037
37.1478
64.7524
35.0093
80.1697
59.6254
57.2506
38.9721
66.4818
29.7269
60.2324
32.7192
39.7322
81.2779
60.7643
76.2276
68.4953
57.6641
68.2427
74.2873
45.9331
101.138
8.40214
59.8758
35.0397
39.5543
75.1628
0.764974
69.8147
54.9208
66.9285
73.5319
71.6419
49.1992
54.3385
71.6222
53.3252
96.2034
41.4617
39.1783
46.7131
47.567
103.912
58.3204
106.964
46.8627
30.836
75.1719
31.7444
21.8618
64.1377
110.972
40.124
55.3943
83.8716
78.5194
5.41831
58.2573
119.839
76.484
92.6409
111.98
75.5229
40.0646
90.0161
107.445
67.9077
76.9326
88.2475
40.3948
122.775
63.0407
27.6854
44.6103
33.2986
80.2569
18.037
23.8793
33.9813
88.7952
84.2006
18.7053
49.757
59.2624
46.0183
58.0234
68.7638
82.223
37.4199
59.1249
94.1352
84.0967
52.7721
27.8331
81.3725
61.2825
88.2064
62.5012
74.3076
2.25154
16.2371
91.201
75.5186
76.5917
81.573
76.4443
81.6457
75.7847
99.2341
31.6845
49.1303
78.9645
53.4885
74.1161
21.1486
74.1476
66.1806
78.9639
99.8614
117.2
44.1959
10.4702
67.399
141.232
102.787
17.9014
31.8812
55.8224
44.1693
78.5753
72.147
72.0287
77.6341
59.1553
76.5598
87.9932
61.3315
41.3872
16.3481
93.1372
126.457
67.3568
93.7958
32.0985
34.0265
25.8581
127.547
83.1541
64.5981
59.1204
19.6553
68.0071
78.5589
16.5397
59.8014
59.4299
23.5421
43.9813
64.0595
88.5404
25.2576
31.6965
31.9462
92.5965
2.40041
85.5836
45.6754
71.0668
26.7135
52.2821
37.6808
151.636
MET does not have solution even after MET smearing.
The solution is returned as if Delta was zero ...
102.52
32.7261
34.5924
0.798666
2.2532
12.2972
118.903
58.7836
69.5211
28.0029
30.9317
85.5235
99.6868
18.4636
69.9769
8.96248
76.6086
67.9485
51.604
50.9191
66.1878
63.3356
111.758
52.744
3.6051
86.6813
12.9904
49.5122
79.6536
18.8183
108.391
39.1224
119.184
72.6235
83.2865
80.0565
72.3376
89.8884
48.5176
82.2665
33.2702
72.907
17.3163
57.3718
62.3925
51.8322
67.8987
77.0109
18.8099
84.5825
69.5528
76.7204
60.0648
52.4465
58.7801
57.1857
33.5096
137.532
3.08301
69.689
49.0324
59.253
9.3158
86.9528
74.3078
84.8446
84.8965
57.9066
87.6606
41.9301
97.7115
20.9148
50.2902
6.94247
83.112
71.482
89.4869
86.5591
52.1597
0.0167619
45.6747
59.8937
46.3517
87.4374
88.9342
102.919
82.8182
80.7459
68.2326
112.827
102.737
54.0932
105.674
43.4233
90.5909
51.5401
15.4895
85.1554
46.8422
59.8437
43.8473
26.6238
79.0071
33.8031
82.6668
84.8147
85.3531
68.7132
59.0873
89.8662
45.8324
37.9122
54.3287
50.1839
68.06
83.7781
57.2853
14.6907
52.7706
92.9348
64.5111
72.3672
81.8411
18.3321
64.7616
95.9976
82.3238
61.0978
66.589
80.4403
11.0265
14.5754
9.96435
64.9768
74.3375
110.997
79.8515
0.813688
62.1677
54.988
57.3983
54.3437
76.9278
170.542
MET does not have solution even after MET smearing.
The solution is returned as if Delta was zero ...
73.388
61.2195
30.6258
78.2817
70.5242
64.3446
96.0153
52.1908
98.2163
86.24
73.395
91.4353
97.646
52.66
97.0963
61.1282
64.0822
75.3467
87.2689
15.8473
105.297
77.0432
40.0013
9.84492
29.8177
80.0635
76.2343
25.3667
34.0993
32.9155
58.4347
50.7644
11.6884
95.1483
52.4007
10.2197
45.6777
86.5622
36.419
41.7844
67.9473
57.3537
72.8157
13.355
84.1815
92.5179
60.7955
35.8271
86.88
43.2878
65.0507
52.547
55.2842
65.0315
66.6879
25.1798
92.925
82.4549
17.0828
47.7145
61.5639
56.0863
55.4052
44.8447
99.0231
39.1179
25.7766
7.00604
89.9238
50.4027
18.1955
39.7784
51.7655
35.917
66.1691
33.0171
55.4545
91.3171
72.4382
95.9757
114.871
94.9095
48.5534
71.0689
31.0156
36.3954
77.8347
14.4852
59.766
60.9858
86.512
60.9035
64.6614
63.9983
48.1521
92.0136
89.5593
46.3871
100.076
98.9629
77.5824
6.93089
80.0094
69.8942
105.149
90.2717
67.3901
60.6485
59.1315
101.545
111.538
50.1946
256.984
MET does not have solution even after MET smearing.
The solution is returned as if Delta was zero ...
83.9149
17.266
82.0466
61.4581
130.875
27.9419
111.884
75.6472
107.16
50.4171
48.2517
89.7939
100.083
64.5181
43.4969
11.8813
25.1232
66.0473
93.0881
82.5279
73.9844
86.9566
79.4984
86.6857
76.4252
83.9198
43.6547
108.045
52.8755
115.551
54.8464
111.055
8.01775
126.278
102.681
81.7001
65.3145
91.6541
7.69116
53.3711
83.5219
69.4609
77.8731
27.6357
27.2265
100.266
96.4685
87.9515
22.2328
91.0822
71.4541
89.7098
82.5892
78.3971
60.2616
31.4305
64.8475
86.9961
55.2457
32.4692
54.2576
15.815
19.5224
2.99076
6.95923
57.4821
58.8155
61.9657
85.532
21.254
6.12519
82.2365
22.2611
85.602
70.5351
48.3361
5.91028
83.8862
90.8505
64.7165
103.058
74.2542
40.8685
54.837
60.4992
13.0553
77.087
97.9259
64.4144
85.4512
68.8089
87.3464
33.4171
3.76784
23.5529
21.4472
31.4723
21.856
50.4194
39.0542
24.475
80.7767
119.813
35.3682
97.812
86.1906
0.650597
63.3861
73.5965
69.8982
24.0677
66.9316
14.4415
2.4661
73.2223
78.7002
21.899
79.8842
53.6185
45.9214
26.6878
45.2898
65.3818
56.2095
62.7859
67.9675
73.2993
103.729
20.5206
73.9163
90.4464
99.9572
33.9566
76.5753
83.6127
42.5791
79.295
70.5851
127.887
110.803
86.2898
63.5307
69.3844
77.3088
28.7185
83.0413
85.5375
75.5248
57.911
20.7487
75.0315
52.0334
60.7075
57.5297
60.5709
68.5699
90.0537
84.5677
83.7208
37.9291
70.1667
68.8643
25.7738
51.5755
27.2997
42.8807
74.0214
81.8622
25.2545
16.7078
88.4356
148.871
113.97
74.3511
91.6715
58.6187
34.564
74.855
65.7832
3.63581
6.95362
73.1082
99.2699
19.8173
55.9123
83.2079
12.1136
15.977
120.194
11.8575
40.5259
65.7192
76.62
73.0305
38.0395
70.4853
15.5148
55.3882
81.3554
95.2574
8.15619
58.7263
63.8933
126.532
MET does not have solution even after MET smearing.
The solution is returned as if Delta was zero ...
93.4784
0.0135283
14.4809
73.5114
52.6118
65.9461
71.3216
10.2749
0.701695
96.0074
72.4216
63.1054
39.4893
77.1146
42.7862
51.421
50.8354
6.17706
69.1924
48.4777
101.02
65.1396
72.2622
87.1243
63.5074
93.2118
83.4715
82.9593
124.977
49.737
28.5576
67.2457
86.4482
58.8662
126.603
80.7432
63.8548
27.7704
66.0524
52.3608
48.6352
89.2895
101.504
76.469
60.8156
61.3776
52.9776
15.9387
91.3594
109.005
52.4838
108.076
65.2472
97.4641
13.5831
90.543
83.5061
13.0222
70.1386
50.2574
12.2083
110.098
48.8735
121.151
22.7301
92.408
91.9351
61.7169
48.6183
75.8556
66.0716
39.184
17.926
59.288
73.1756
102.951
29.8793
7.91652
79.4669
72.7386
83.6911
86.8399
71.3062
45.12
86.2829
46.1245
80.7563
70.0304
77.8054
78.6316
6.79512
76.8713
60.3917
29.118
44.6755
52.6003
84.8356
67.1571
77.8287
49.4997
86.0753
60.3207
77.8979
58.5496
97.2085
111.469
49.7639
33.7051
23.5088
92.9796
31.3518
87.0331
88.363
160.766
MET does not have solution even after MET smearing.
The solution is returned as if Delta was zero ...
47.8507
72.0311
127.333
122.105
97.5672
32.3406
44.2447
61.9367
14.5691
66.1625
21.7712
28.1331
29.5429
101.032
25.9237
14.4472
58.0875
57.347
81.0212
7.1975
49.4903
84.6857
22.2795
132.539
80.0135
32.65
46.2867
65.2548
63.5191
74.4531
56.7632
70.3281
53.0233
79.7238
65.0975
79.9364
30.9182
59.8533
49.2092
66.8389
105.006
71.2015
26.7255
85.771
79.9582
97.1036
73.3214
87.8409
17.4351
40.7636
33.9152
58.8773
54.9735
18.0397
29.1744
76.9776
117.564
84.3091
90.1039
70.3685
79.03
115.188
50.9274
34.7948
62.843
23.0838
27.2831
100.151
43.8568
15.5959
56.3244
94.7994
11.9997
5.81951
29.125
9.3804
45.2373
99.5836
68.5982
55.401
101.172
57.5136
62.2976
106.785
24.4087
57.3944
73.1152
74.9907
126.982
46.0641
90.5435
10.632
80.0552
4.19144
22.2515
12.9853
68.9128
1.65606
107.401
92.2026
75.4104
102.555
63.3942
53.4705
159.567
84.1792
54.8717
64.2428
38.9819
46.931
177.608
MET does not have solution even after MET smearing.
The solution is returned as if Delta was zero ...
80.6491
88.2585
36.2404
34.1435
20.5422
51.3409
67.0692
3.5579
34.9655
59.8829
56.2659
88.6898
81.106
79.8748
81.2145
171.34
MET does not have solution even after MET smearing.
The solution is returned as if Delta was zero ...
76.0056
47.0964
54.8228
72.9637
46.3636
71.4228
67.6668
8.45642
80.3452
54.3758
81.1425
173.693
50.4932
64.4822
76.6918
85.5257
60.4549
148.118
MET does not have solution even after MET smearing.
The solution is returned as if Delta was zero ...
88.1477
84.7209
3.72753
72.0001
71.5826
78.2954
81.1001
79.9784
87.5222
9.76443
62.9101
86.9284
33.7142
45.5939
39.6645
53.5321
46.9356
11.9556
51.7241
40.7891
40.9857
55.4441
31.5545
35.5511
59.7597
5.87443
134.588
77.9809
107.546
58.6412
12.567
115.1
94.5779
19.3105
35.8988
50.4267
73.6833
62.1949
27.3279
62.3578
79.8451
53.4464
83.7598
86.9672
64.2585
111.818
24.1034
209.421
MET does not have solution even after MET smearing.
The solution is returned as if Delta was zero ...
76.0635
68.5558
50.1603
69.9876
92.9084
83.894
51.6157
40.9179
47.2106
105.551
27.078
80.1576
13.4995
80.0022
75.1238
80.5676
61.4577
68.033
63.4474
26.0738
73.9761
64.7664
81.0354
70.5489
39.0295
72.4812
7.79517
41.6228
71.9099
116.607
10.8024
88.0355
49.0884
58.4967
125.504
29.3621
87.7287
21.3355
58.8263
70.5853
32.6925
25.9618
57.5615
74.812
69.9123
41.0274
74.2574
98.1615
98.3099
115.759
11.9947
33.1246
109.347
63.6703
77.2273
39.5605
49.6841
74.2067
47.9518
97.9055
38.3601
76.6988
0.679565
88.6108
39.667
103.288
31.3809
79.795
8.57987
76.6835
74.297
49.2729
55.1418
70.1159
78.3641
80.8886
27.8009
56.5203
92.6339
61.0099
54.6651
0.674859
83.3755
96.4416
48.988
51.8214
34.6752
76.4029
73.3735
53.386
136.588
12.0399
11.333
1.50814
61.408
34.4317
27.5148
82.4725
25.271
19.3527
137.259
35.8763
109.686
23.6599
84.6023
64.9221
66.6167
158.601
130.838
46.5614
1.13349
42.8169
74.9251
90.8559
62.1047
50.131
61.0407
57.5333
22.3378
56.3091
53.653
49.0681
10.5547
9.07792
51.4401
43.1935
62.4282
84.9269
108.044
31.3952
94.8854
42.1411
74.5256
57.685
58.9234
68.5341
71.084
82.698
47.119
126.439
75.8646
69.4627
38.7666
69.9386
55.3553
92.4182
2.30776
110.233
47.7673
33.4366
42.9262
81.3522
12.1078
32.2644
41.924
79.7111
68.8219
24.8919
67.9648
69.9898
78.6103
19.8049
75.2541
22.7716
54.1175
68.5853
72.9476
60.4845
79.7856
94.4492
69.9268
83.865
98.9125
25.6526
91.2069
90.2011
33.9556
139.872
72.9842
75.0437
61.0238
75.6202
45.836
67.8132
81.8706
25.6777
27.4919
78.3064
50.0221
80.9714
58.3216
73.4342
92.9042
55.8788
47.6576
3.42209
102.088
41.2077
84.8913
63.1138
84.1407
39.6222
72.219
83.5044
95.2856
77.2676
50.0017
75.5995
79.105
45.8937
81.0321
90.1867
55.4375
77.5628
85.2832
5.92389
33.54
56.3855
21.1378
67.3105
69.4074
80.2129
55.6814
34.2824
100.451
77.7478
101.627
82.9494
2.55796
12.558
72.0576
26.3362
81.9257
58.311
74.6199
105.196
67.1704
3.4476
43.2943
32.5223
111.03
28.5615
93.2935
92.7476
23.7207
80.5867
46.0209
43.6221
89.6611
26.2291
76.7017
79.0188
46.5038
23.9647
78.1368
38.1734
59.6026
64.0018
78.2238
13.7297
13.4596
70.763
63.3947
74.1094
14.9637
11.6362
88.7341
25.6121
87.53
2.48091
5.14471
58.7768
2.2966
65.1135
59.8831
77.5674
15.0277
100.234
93.4671
111.198
68.0953
7.50743
16.1121
82.8254
45.848
84.2377
19.5668
105.781
50.0375
88.9025
120.362
71.772
100.424
82.4429
5.67937
87.2329
78.6726
78.8359
11.0587
47.1741
59.8338
28.6947
21.7145
91.6026
62.0006
18.4871
2.78727
163.474
30.6638
92.9094
20.7557
64.6646
50.176
47.4049
71.0526
6.70458
97.092
61.1582
48.8692
103.373
12.0303
79.5372
68.5183
26.8078
92.1283
49.5955
109.565
87.121
76.7307
80.9201
54.0916
78.1101
70.6006
6.7669
70.6575
31.3703
30.6697
61.2672
53.3102
76.4102
35.1913
64.1116
86.1766
46.2697
79.1217
75.2123
14.713
7.62418
76.3362
73.9282
6.19453
64.7799
56.1931
59.2898
82.8007
87.8015
100.222
84.6793
2.46859
78.5922
97.7815
7.77675
46.5889
10.9116
115.84
10.6058
79.8286
60.3316
51.5795
40.1635
98.1421
51.6702
5.89533
14.468
49.9391
82.9501
99.727
0.710556
58.7684
47.3347
110.325
95.1512
57.3116
60.9162
67.6083
42.6361
101.995
50.0228
23.3046
61.0265
27.5342
75.6518
106.685
66.9053
20.4803
74.8114
73.1377
32.1601
36.4141
63.7255
71.6511
72.9191
87.6552
63.014
51.4755
36.7135
75.131
76.2412
14.1343
74.314
24.3193
7.24282
52.6871
77.2763
51.9907
22.1031
46.2345
5.03535
126.308
49.1174
49.6919
30.3071
65.8001
112.419
100.62
61.2367
55.0075
82.4297
69.8411
84.3803
83.8568
77.818
72.6195
53.2236
85.7999
79.1897
70.0389
80.2074
38.0885
18.2586
44.9254
37.5199
68.2879
25.7404
106.431
78.5809
76.7216
96.0032
71.4434
45.084
93.0583
46.8293
11.7078
53.182
63.2188
57.595
59.2441
99.835
2.69441
97.6851
10.9467
68.1085
85.7516
27.1542
60.9429
16.8613
94.2383
107.847
36.4817
41.5544
69.4838
84.7322
31.5905
41.4652
71.2221
65.8296
79.141
56.0713
65.9666
68.071
55.1448
41.3337
25.3282
60.1854
13.0141
71.778
8.89018
81.004
104.442
70.9769
53.243
104.862
40.2969
94.8888
70.657
49.2197
82.9363
42.6323
65.0515
50.5144
79.5184
112.412
91.5697
85.9951
72.6364
82.7493
51.0784
52.2997
2.00621
84.1855
0.69699
24.3416
28.5227
114.975
42.5946
45.312
59.5235
68.0021
33.5104
81.9164
96.5507
71.132
86.7815
39.2156
71.7678
115.458
91.3495
96.1541
66.7803
77.3826
24.4991
36.4944
93.4682
82.1777
18.6991
68.4555
4.27739
51.4278
100.32
43.8517
43.8329
44.6873
54.7619
27.7589
93.7522
79.1588
35.3594
69.1333
23.9494
47.6807
117.645
19.9434
87.5347
62.5446
37.4511
97.7885
93.1387
32.7139
92.8704
48.9088
2.43498
55.6736
93.5599
84.7225
75.9588
32.206
57.1776
44.9998
143.936
58.3676
47.1349
73.6232
12.6237
14.1277
83.6334
101.034
76.8275
82.0054
56.5463
66.1122
69.5855
62.8492
47.579
76.6639
17.5338
81.1114
56.417
38.5101
61.1393
92.4075
30.8746
100.679
24.2888
75.0621
7.59345
64.1795
85.1271
38.9278
12.6173
69.2728
70.6781
92.0621
79.1962
71.9986
85.6883
69.4398
27.3066
41.0234
80.8476
75.2469
49.4224
35.5679
83.8318
70.1291
89.8694
79.9319
70.201
82.6483
83.6665
2.1804
36.4023
2.5862
44.3705
64.1498
40.4627
87.493
16.0737
58.1068
58.4306
59.2454
15.7135
92.3685
2.72747
26.0315
65.2387
56.6774
39.5312
10.7072
21.7437
92.7622
38.9415
75.0793
86.052
58.4308
25.7392
6.80683
89.1932
68.1162
30.3836
51.7985
142.913
101.273
13.385
36.5738
63.2301
64.6715
57.3086
81.8309
35.87
56.8219
75.9694
65.4967
36.4981
46.5792
44.2876
92.7741
67.2433
88.0358
11.9447
118.421
65.9638
51.9768
105.719
79.4528
72.5395
24.1243
1.51478
27.7774
83.8877
109.043
73.762
67.7811
57.4933
54.4364
19.0792
73.2277
41.0252
0.108571
3.64516
40.6152
71.6642
52.6825
35.9114
47.5921
21.6759
15.9881
104.092
97.2937
118.632
82.8843
13.4671
53.5059
69.1164
41.8948
7.47055
76.4109
41.4813
57.1459
8.73276
41.5042
0.70771
85.6596
47.5855
137.345
89.7136
57.6034
106.423
54.0213
13.7806
0.393697
105.009
66.8394
5.13116
65.3818
52.481
102.397
49.3595
69.408
97.5801
96.2816
107.691
46.9192
51.6332
45.4895
109.067
33.3597
7.22859
77.9484
80.6612
100.867
77.1962
104.472
53.4163
51.4116
126.971
57.5533
98.2193
65.1408
86.4205
75.9934
18.3321
6.30668
73.5213
50.3631
61.8769
89.605
15.0668
47.0161
26.6048
96.136
81.2804
84.9078
0.185552
78.1393
48.91
10.1507
86.935
35.6136
52.4432
59.8267
108.584
78.3605
62.4004
59.7508
62.0103
84.3463
17.2831
44.1256
62.7356
7.44432
81.0667
63.4087
85.8134
70.5612
56.8879
84.2216
18.9981
42.6775
78.4439
111.151
16.1626
101.189
52.1125
16.6929
85.3131
83.3564
104.306
102.4
22.1996
5.27199
91.408
13.3875
11.6282
62.309
14.9172
69.6167
130.774
65.4957
66.4365
88.4482
19.4441
53.4747
65.9804
12.8041
71.1694
125.974
77.5
46.7393
66.9192
62.6426
85.0378
48.4278
37.6318
56.0595
2.14502
84.6049
81.7737
55.1103
74.634
52.4273
55.6909
79.2375
56.2116
46.5443
85.7709
0.213287
11.8028
43.4023
104.58
5.74746
74.1629
5.44774
52.0952
90.6367
86.8512
61.1628
26.4609
58.3088
85.0947
84.0543
74.9357
64.6287
93.2254
63.6441
42.3896
80.7255
76.9889
66.1001
5.10111
47.9524
38.2619
115.184
78.3711
5.04253
72.2935
53.8696
48.4855
47.5263
63.7425
85.1531
9.68168
90.1746
75.987
64.7425
69.0733
108.473
80.8386
36.9132
42.605
73.6266
61.2891
33.0952
67.9868
101.367
25.423
76.255
43.7141
81.9632
69.5989
28.5273
21.4938
17.3735
77.002
69.9844
85.8414
23.4489
21.0205
43.328
13.4575
72.4464
43.1334
12.1734
26.2172
79.4259
67.3945
77.3018
84.849
30.1855
45.9782
3.97181
62.5633
115.903
60.3084
65.7064
27.5592
27.9451
58.6522
58.5622
81.2124
42.5221
69.391
62.2297
66.7926
76.4976
54.2453
106.842
37.5876
98.4356
82.384
4.86564
6.53949
12.3926
80.5078
111.127
94.211
96.5459
32.538
42.3347
85.8202
54.5841
74.375
85.3311
19.3495
22.111
93.5303
55.8072
22.6214
96.2433
17.599
71.7635
46.978
37.3127
40.2679
74.1098
1.02918
49.5074
82.9824
118.074
8.06666
62.0266
20.3812
54.62
41.5478
73.8657
62.0423
81.7088
68.1884
28.5377
80.1846
76.2256
64.9449
84.8095
88.5049
89.4449
64.2511
48.3817
51.1851
64.6562
69.206
48.1255
77.5835
77.5778
83.0879
82.297
82.5258
4.30041
75.4779
31.8359
78.9485
124.031
75.5113
65.6542
60.9309
89.002
90.7495
73.253
36.4924
26.6343
2.2518
3.79841
104.869
79.2049
44.8443
54.8545
66.5
32.3672
82.3771
62.9148
22.0526
78.9466
27.7849
47.8654
14.8329
12.8341
41.5809
74.8539
71.6926
28.321
46.2915
88.218
88.9451
37.9467
75.0259
13.3117
59.962
108.111
47.8992
32.9581
102.165
42.59
102.285
119.326
87.1706
84.488
77.2872
38.5746
80.2604
77.0881
72.5119
41.0042
106.153
21.8095
20.434
68.9812
17.1822
70.6835
101.06
104.485
68.8039
35.5054
61.1076
21.3675
81.9727
63.3663
41.7924
64.8862
81.8467
80.3568
40.6095
76.9208
60.6141
46.7143
50.9309
55.0339
42.9177
118.563
72.7345
54.2744
35.9838
66.3568
79.2572
46.9189
59.233
72.1524
58.8965
56.5142
19.7698
98.7321
31.8843
98.0412
83.4014
78.4589
48.6693
46.4558
32.4736
38.5065
103.668
48.8829
81.5544
49.3812
84.9707
34.8864
81.747
72.261
70.7697
26.7056
88.4492
8.09498
82.7283
54.3379
4.96482
86.9041
87.472
97.3476
17.4656
65.5454
78.0515
77.7764
84.4877
61.9824
93.669
58.8266
42.3366
52.5436
39.4653
102.526
62.2961
52.0522
85.424
56.5183
84.6655
93.5735
76.4561
83.6566
30.7064
62.8124
80.4942
25.9708
76.2519
71.0565
102.699
26.3634
5.23129
70.2499
70.1333
97.0991
61.4012
59.8371
9.99217
34.6727
55.4719
72.079
32.451
54.8453
62.3051
10.9315
45.9749
33.5914
86.149
114.415
97.6195
3.82828
41.5739
7.96314
58.7863
30.9445
38.8283
83.2761
91.5032
51.24
22.784
43.8193
77.1605
39.867
81.0644
73.7983
82.3523
120.624
74.3564
5.91491
80.4572
89.592
78.5154
46.1563
61.4316
60.3877
46.8138
82.6053
42.9011
42.7773
76.749
55.9581
74.5813
43.7611
63.5419
68.8198
85.2478
33.3054
75.0727
37.003
146.971
194.204
MET does not have solution even after MET smearing.
The solution is returned as if Delta was zero ...
55.5957
84.0039
55.591
88.0686
72.6794
43.1392
54.6304
48.2522
26.4399
81.7469
105.185
452.13
MET does not have solution even after mW smearing.
The solution is returned as if Delta was zero ...
MET does not have solution even after MET smearing.
The solution is returned as if Delta was zero ...
32.1971
88.187
101.491
58.8107
75.8972
76.4546
17.9976
66.8925
67.8281
41.9289
76.9514
69.7459
69.5621
31.8761
81.7608
27.7073
115.284
65.5742
10.5553
73.5246
52.072
85.3556
20.119
60.8274
60.7931
68.34
29.1507
76.6438
93.0867
76.09
80.464
29.5567
56.8468
9.04995
37.866
63.8678
48.887
67.8471
15.2418
49.9053
14.5171
87.7442
53.9294
75.5119
87.4594
1.89761
96.2198
59.6382
43.7634
78.9752
71.9208
9.76498
77.9268
35.8281
2.33565
57.6739
13.8788
99.0012
6.53076
69.135
26.2222
64.4803
41.6987
64.7497
89.6715
71.854
95.2691
45.3689
58.7936
84.4724
13.5214
73.1976
84.2737
82.5201
71.6909
56.6569
71.603
95.8982
57.9573
61.8511
15.5841
29.6004
38.9619
44.0723
77.3469
47.564
24.255
83.1487
28.47
58.3599
64.5071
25.4272
85.3139
49.6547
21.9823
71.0207
63.5837
46.956
50.9178
66.0374
31.6137
55.9445
40.006
46.5691
94.2234
68.6562
94.3
74.3423
85.4981
108.249
69.8699
177.292
MET does not have solution even after MET smearing.
The solution is returned as if Delta was zero ...
26.7406
62.5181
11.0314
67.9394
19.4886
75.9291
24.675
41.2871
78.139
114.432
80.9316
32.268
97.4156
13.1289
54.3734
59.9671
63.3078
97.6148
61.0778
39.9073
21.6624
99.3624
73.6137
83.591
84.4226
117.748
10.7707
87.1044
63.8912
60.2593
91.6979
2.69839
142.366
MET does not have solution even after MET smearing.
The solution is returned as if Delta was zero ...
59.8708
61.189
86.9219
71.4918
90.0702
68.4582
55.7351
1.84588
61.5118
98.1309
86.1457
83.0849
66.4028
53.0672
83.8686
60.7095
6.41072
70.8857
30.8637
29.611
64.4635
8.12414
78.8125
79.3957
79.5267
23.5287
4.78638
42.5571
86.0203
86.1602
86.5337
59.8161
57.553
128.816
82.4888
4.75885
16.9484
109.188
51.3508
61.3451
6.27436
72.1994
0.0537074
97.8611
89.1737
78.9233
93.516
128.119
81.3229
66.9375
89.2721
99.7692
10.7185
91.7522
51.336
55.5974
74.1558
38.235
78.4661
56.5433
43.9561
57.2998
90.2433
72.4903
54.8434
107.365
86.1526
34.9433
47.1058
65.989
53.7896
2.74022
83.7317
66.6847
41.2637
28.2635
1.59146
55.1732
60.5176
30.3532
138.373
26.7649
85.2649
8.60594
37.9976
65.4926
72.687
25.4692
90.2333
90.7065
73.5344
84.8904
17.1065
7.34869
70.085
73.9602
56.8979
53.9902
71.4558
28.6426
1.09335
48.254
33.4158
90.8537
83.3467
69.7106
63.8889
39.3407
42.7591
52.0571
7.36885
59.6092
71.1918
86.6107
83.8959
30.3567
45.0198
104.497
95.0166
17.6513
15.96
5.25631
54.6226
91.7246
84.6564
13.7587
121.773
67.5614
48.3816
90.4388
39.1898
76.3859
133.293
73.9319
112.294
34.9146
93.0621
75.9425
21.1738
64.8529
93.0751
69.2486
80.7133
31.8769
100.119
118.427
64.0258
26.6053
25.3225
40.6076
70.0082
82.8868
93.385
43.5855
44.7037
55.2389
30.9309
27.7152
4.27819
79.3219
74.1031
69.8974
139.847
43.9918
87.8544
56.7176
45.8011
59.7378
36.1657
30.3905
12.0796
44.0018
52.2368
12.3601
95.374
51.1952
75.8513
30.4303
47.9299
100.096
38.3436
41.5766
104.66
72.7246
25.0382
10.2925
56.7903
72.5742
116.614
85.6456
34.0824
82.466
88.8906
57.1555
60.7581
56.7951
83.9894
59.3171
21.6204
76.2645
42.0704
6.2951
87.1304
52.0015
108.328
85.9584
39.2746
78.8733
79.4498
82.3485
132.464
7.66447
80.7579
51.2473
45.6553
45.98
58.1564
50.2803
79.0113
43.6176
40.8328
98.8536
86.2372
66.5834
18.0701
6.24212
56.4293
26.3007
27.7472
68.0966
100.126
47.0666
41.648
49.2132
47.352
90.3208
57.1564
74.5896
75.7109
79.7394
50.8833
59.3348
46.0694
32.9467
98.466
99.2392
66.0937
5.27417
36.3555
64.4753
47.8672
55.3586
64.4607
91.6726
80.1112
37.9117
87.8908
57.3631
73.6019
65.6337
53.3137
59.6925
70.55
50.2505
62.6764
30.2382
42.0058
73.8717
63.3772
42.0703
98.0152
53.8645
52.3968
92.2226
16.6008
30.3618
31.5662
62.0842
116.833
90.1425
118.687
68.5256
48.6068
55.8087
19.9935
82.8078
72.5124
64.8637
31.2915
11.6176
105.193
22.2845
31.7709
69.9223
75.9731
46.9741
34.7227
43.1283
31.5205
19.8308
91.6593
61.0001
105.924
40.1027
27.5218
34.1146
124.301
81.2193
43.7314
66.7615
88.9238
8.06483
56.8995
126.542
24.432
18.7355
112.149
80.9396
25.4352
67.4722
55.1177
50.9112
98.1999
56.5042
73.0347
8.61825
58.1937
89.2234
8.33819
30.9135
34.1739
15.2503
17.8745
72.4868
77.442
45.9202
5.91091
53.6082
79.0963
65.591
60.998
89.4061
110.381
85.8636
55.6429
3.31236
0.672539
39.614
33.8318
51.8416
75.4402
86.3032
131.998
MET does not have solution even after MET smearing.
The solution is returned as if Delta was zero ...
125.566
66.9652
73.375
134.547
4.78448
126.175
1.90456
105.615
40.6235
44.5413
27.2214
66.0345
51.402
48.5599
9.00449
63.6395
63.1437
2.48655
18.0516
23.2552
19.6848
94.7534
37.4645
8.98375
191.666
MET does not have solution even after MET smearing.
The solution is returned as if Delta was zero ...
35.2324
77.963
44.3792
30.0341
35.9721
66.3607
9.41174
320.849
MET does not have solution even after MET smearing.
The solution is returned as if Delta was zero ...
37.0724
134.166
34.119
44.1352
70.4946
48.4931
89.9332
78.5002
69.3962
114.606
23.1455
81.031
74.0011
98.3532
70.4353
92.2206
50.482
73.7792
72.8147
64.0242
116.348
51.61
45.922
64.4518
67.1729
50.7326
65.4703
81.3083
41.9321
51.475
76.8638
57.849
72.1596
65.0665
14.8721
35.395
58.4049
79.4454
64.874
75.6437
98.8141
8.95386
70.4249
122.61
15.928
117.957
53.5722
15.3309
0.3874
28.7696
27.5639
36.8526
63.7152
87.0581
91.2164
39.6836
78.4602
94.8579
49.2492
61.0183
163.596
47.2285
158.307
MET does not have solution even after MET smearing.
The solution is returned as if Delta was zero ...
14.3609
30.0788
20.7613
36.7743
29.4258
6.75608
19.3161
52.7459
53.2032
56.2714
99.1134
65.5248
88.1292
45.7558
77.1543
37.8247
100.943
46.0751
72.1266
74.0373
84.5108
188.338
MET does not have solution even after MET smearing.
The solution is returned as if Delta was zero ...
75.3341
42.4741
57.057
39.0003
2.31132
56.6843
10.4492
56.7001
134.447
75.4548
11.7761
42.4153
118.081
13.8278
83.0447
54.6292
92.5667
49.339
41.2413
79.8556
70.469
100.445
57.4513
80.3055
82.6051
95.5103
54.7939
25.3546
14.8909
80.0841
69.2106
105.802
103.835
60.0258
2.41818
56.2962
46.2391
40.2637
51.9173
50.6109
11.7493
119.4
63.9973
52.7606
34.3234
60.5674
22.964
5.10876
44.1141
68.996
before closing file input /home/nadjieh/work/samples/postMoriond/Aug2013/WZ.root
before endjob
