**************************
SYSTEMATIC SITUATION: 
**************************
JESDOWN SYST
**************************
file number 1: ~/work/samples/postMoriond/Aug2013/ZZ.root
I am in tree = 0
inDirect
treeName: ZZ_2J_1T_JESDown
ZZ_2J_1T_JESDown	0x1119030
0x1119030 tree afterward
ZZ_2J_1T_JESDown
3181
8.94102
12.0708
78.286
14.0288
55.4253
53.2361
40.7396
77.867
51.7431
57.335
65.9719
129.817
35.9317
39.7343
23.4709
87.5336
62.5099
90.5535
24.8454
33.192
75.2754
73.4823
51.5367
7.98549
144.039
MET does not have solution even after MET smearing.
The solution is returned as if Delta was zero ...
73.5114
67.5044
3.19993
0.0835142
62.8453
28.4369
8.0992
55.2008
32.0778
8.16472
79.9325
26.9769
8.94339
5.87133
46.0469
0.696299
47.5872
46.2452
46.0322
51.8851
17.2907
76.5692
24.8181
45.4276
26.4013
20.5891
21.3853
69.4836
122.425
67.6439
40.2298
46.7127
83.5053
79.199
10.7878
60.5645
5.57999
0.630713
56.1047
47.8795
83.5061
5.84168
26.1385
67.2253
41.7509
13.6089
60.8936
43.5313
24.1384
14.0347
46.9212
25.7933
33.2863
105.437
28.1095
43.5476
44.9767
110.292
55.1765
61.7635
66.7882
33.7314
66.3851
33.6903
1.05106
65.8678
9.86419
48.5459
19.6494
127.428
19.0396
51.0133
93.3097
75.7466
90.8836
21.8805
96.6211
20.0053
45.935
13.2518
69.4569
89.7442
9.42953
43.3129
46.5152
36.6917
33.7484
73.025
9.08751
13.9769
3.03128
45.4907
79.4667
193.067
MET does not have solution even after MET smearing.
The solution is returned as if Delta was zero ...
54.1998
25.0314
113.161
14.2378
37.0143
50.5944
123.37
19.9181
58.3881
71.7198
37.1133
41.6671
19.796
34.1545
46.6346
3.6921
92.4055
31.8797
78.7705
112.529
40.5138
34.8934
139.716
78.8722
77.3357
75.2586
48.6182
47.2028
45.2069
26.8823
76.6399
13.8144
42.3439
26.4734
55.8847
28.2526
23.5314
84.3598
37.7854
67.2032
102.383
71.5047
103.893
51.3711
23.6085
71.862
34.1625
27.995
35.0075
13.9409
62.0419
1.43908
23.6487
3.53462
15.0144
4.77259
33.1348
121.618
55.0274
29.3566
38.5114
19.8388
7.11218
60.3341
18.0933
51.4534
33.3236
57.4447
58.9953
43.2808
28.7317
87.3729
2.23599
8.32697
54.4507
23.8969
63.612
36.9502
9.22407
14.0081
7.14434
21.7046
46.3005
122.889
17.8975
52.8053
26.6179
64.5244
100.739
110.837
14.9203
15.796
144.26
46.493
88.1959
36.7601
30.6858
43.4618
3.48784
41.1788
50.1119
91.9631
103.239
6.49371
30.4372
3.2926
54.8124
15.2578
3.77615
42.6955
38.8255
68.143
79.4239
69.1665
23.1944
198.266
MET does not have solution even after MET smearing.
The solution is returned as if Delta was zero ...
25.0232
8.32105
20.4529
13.583
19.035
84.6555
48.0224
79.5314
68.9795
25.4444
6.49018
103.738
49.8422
30.7838
40.3814
266.729
MET does not have solution even after MET smearing.
The solution is returned as if Delta was zero ...
35.4526
41.1835
27.9978
36.9471
60.9091
27.6429
77.5928
36.4199
49.4883
46.73
73.2423
46.8438
42.1746
2.00772
35.3244
26.7991
98.709
110.668
49.7959
0.545718
28.4533
16.6836
4.54521
68.2844
53.5173
94.1087
6.63633
73.8716
37.0685
3.00213
16.9749
9.29605
94.1354
15.6321
24.0145
103.968
16.1009
56.3769
20.0399
54.7002
35.8833
108.675
8.26342
30.2212
12.9158
44.0487
52.8003
69.4535
30.8948
29.3272
34.798
34.9744
25.6108
58.9666
41.8695
55.1264
55.6446
78.5025
188.24
MET does not have solution even after MET smearing.
The solution is returned as if Delta was zero ...
13.0761
144.425
62.2148
29.2297
56.0865
48.1719
39.2607
63.7368
3.87684
32.0274
54.1127
70.4035
7.34154
72.385
63.3766
29.8453
2.21476
25.9895
110.136
172.388
MET does not have solution even after MET smearing.
The solution is returned as if Delta was zero ...
46.9765
51.86
99.4128
87.1363
34.6776
22.276
54.1203
177.673
MET does not have solution even after MET smearing.
The solution is returned as if Delta was zero ...
67.9899
46.3649
43.1337
15.592
5.67482
8.08367
8.48038
38.8355
4.45291
40.9226
23.9782
49.3247
78.2455
21.5832
9.667
72.4408
39.3718
0.715498
5.31128
79.5817
41.8872
13.3313
99.4397
26.3322
28.812
47.8609
37.2626
2.98674
92.6449
70.7068
11.4809
64.8346
116.776
146.094
36.7453
0.905716
21.1465
11.4416
16.9132
71.5047
12.4882
25.4528
31.7896
20.5791
18.7849
86.9085
92.6013
16.3093
104.967
145.65
MET does not have solution even after MET smearing.
The solution is returned as if Delta was zero ...
96.5371
7.13826
31.7639
68.934
59.7192
62.4405
73.3403
116.329
43.48
33.5694
65.3861
87.7027
48.9019
48.8071
11.3551
73.6112
5.73344
99.9293
1.70816
112.248
117.039
25.038
2.80016
148.57
25.1855
50.8496
28.2002
52.1078
10.4497
76.8726
108.684
18.5134
79.8298
5.37426
78.7613
31.3534
57.1854
39.749
120.598
4.60837
91.3347
27.1655
43.6287
86.2478
174.708
23.3244
61.1878
47.797
35.0034
11.0037
38.8349
69.5003
43.0937
74.9624
38.5857
5.65019
29.7013
52.2053
30.4557
118.518
53.0799
32.2553
112.386
76.8109
37.3855
38.4658
42.3087
8.26785
61.1527
78.6283
14.1744
17.7028
41.1219
43.4142
94.9143
24.2197
82.5012
74.2505
59.4764
21.4697
44.5642
70.3886
9.73838
51.0989
9.68184
9.6906
72.5146
43.9326
23.576
55.7391
14.8948
34.083
104.545
139.834
3.78301
30.675
53.3548
0.990981
4.91319
70.8339
44.8218
57.3169
61.4993
158.124
16.7371
26.1571
72.0414
4.36607
38.7579
27.0886
72.9471
9.31175
24.1694
14.0436
79.7994
173.455
15.0277
88.9282
160.606
MET does not have solution even after MET smearing.
The solution is returned as if Delta was zero ...
100.392
63.8594
102.964
9.91622
20.0565
82.7028
8.40804
4.40175
46.2514
49.6587
30.1297
55.9435
52.8319
123.298
32.9629
45.5688
58.7343
11.8119
134.214
MET does not have solution even after MET smearing.
The solution is returned as if Delta was zero ...
1.30118
47.4592
14.0793
16.1634
42.6718
46.0161
71.1281
88.5476
66.3746
50.7248
61.3411
82.4053
42.3683
14.8268
6.52362
47.769
53.4372
81.1115
300.706
MET does not have solution even after MET smearing.
The solution is returned as if Delta was zero ...
47.5613
47.6539
96.7645
31.0756
10.3875
10.624
44.9131
151.928
82.6535
112.305
81.9381
97.1842
11.3993
82.9696
40.1813
19.0375
62.9462
59.7123
31.8714
59.3859
90.2374
45.2838
58.1182
1.20282
4.20804
50.1153
60.1078
41.7745
37.7845
7.90909
18.3137
51.7826
0.991302
10.9497
82.9875
29.7187
0.490856
70.8238
22.1077
25.5013
17.4863
140.051
48.8801
58.572
0.965583
55.7467
86.4764
123.199
20.4557
21.9754
15.518
57.5078
51.0007
54.4393
27.7152
79.0869
1.46527
71.2289
46.1463
3.73962
24.7077
69.9817
15.1391
42.4869
13.703
45.1196
29.9709
49.9769
27.0249
24.8811
22.3001
59.7114
14.6882
64.3062
115.262
3.26661
42.9777
23.9238
15.7842
7.59627
76.6346
279.156
MET does not have solution even after MET smearing.
The solution is returned as if Delta was zero ...
31.1882
68.7637
140.907
86.6954
3.82034
28.7752
49.7386
16.5139
25.3501
33.5096
1.21336
16.0132
33.4392
42.5702
87.7988
34.1966
31.257
26.8148
26.5695
59.4119
74.7796
34.7777
67.2917
111.14
11.7203
95.9838
36.1867
53.651
10.2476
36.5019
54.7104
17.4276
135.299
79.958
23.0043
18.7421
19.2841
99.6318
6.61867
87.8293
36.5476
1.00353
95.1151
23.0637
41.0556
19.9315
61.4636
39.7111
32.8491
38.2487
24.6368
15.4482
42.5273
47.4751
98.7755
114.251
34.0872
10.8005
11.4544
349.862
MET does not have solution even after MET smearing.
The solution is returned as if Delta was zero ...
30.9632
11.3192
11.1082
39.2501
19.7423
33.1447
92.0538
10.6364
61.8814
93.0682
55.8972
102.95
13.2488
64.0134
115.709
61.0962
84.3733
79.4392
45.5814
9.58349
75.2323
41.6902
72.7789
27.1393
11.5446
34.3088
2.20347
62.111
52.4086
47.3295
28.5921
35.9277
119.086
59.689
30.7834
33.5211
37.767
27.5584
31.9101
18.9578
17.9474
31.1979
12.3924
66.4414
5.66095
36.7216
41.5114
168.944
22.4045
21.7268
38.4414
77.5032
61.2049
66.2061
70.7854
74.2487
28.5054
51.3273
0.0281421
4.50962
60.6262
1.86825
71.0355
47.1831
130.936
50.8465
61.5148
55.5374
25.6045
12.4118
154.8
4.02992
45.0509
49.1037
1.66141
32.7841
21.7422
16.7323
83.183
4.4776
81.8152
92.8436
61.5079
23.4821
157.559
78.637
33.4644
30.8442
7.11038
103.344
5.45634
109.509
88.5614
1.64703
73.4847
23.9998
41.0109
98.1648
20.7632
31.4771
44.6007
67.0552
80.2596
68.8734
19.5411
61.1747
1.37971
67.5444
13.9524
28.4415
72.1524
8.72607
11.497
49.8134
19.8289
55.6883
21.2763
78.3819
37.1998
46.2424
120.081
26.43
2.29458
35.886
79.0465
51.6589
7.17529
35.6281
16.8039
17.4562
30.6976
58.1441
97.099
92.8708
74.6187
8.90036
90.7213
54.5478
29.2692
158.058
18.2096
2.6817
20.1618
14.0113
29.8648
72.6809
61.0786
53.9848
53.6643
27.983
86.9421
44.856
8.26988
0.0393674
44.2853
31.5077
34.6283
53.0747
77.3388
188.076
MET does not have solution even after MET smearing.
The solution is returned as if Delta was zero ...
39.4507
68.462
19.9632
60.9057
94.0827
121.558
53.4637
16.9778
51.7006
32.7989
55.0001
35.8657
50.9461
18.3991
21.1716
113.276
23.3522
77.4856
34.4584
5.78377
24.7395
31.7852
41.2094
47.344
47.1191
55.9561
36.741
6.23856
64.955
38.4976
30.7888
40.1028
81.7687
13.6883
50.0395
20.8348
42.4233
27.0244
29.683
38.93
34.7524
46.6599
16.3979
21.5305
84.4182
53.1578
98.0644
55.1713
54.3181
19.7764
17.525
0.0170413
30.4744
52.8469
16.9972
10.2065
28.5232
89.4331
21.0609
10.1651
114.269
103.711
38.2926
84.9608
49.8783
34.8021
35.3558
110.535
53.3115
213.475
23.3127
1.96721
3.24017
56.4609
32.5325
48.5999
24.0988
35.4058
53.5666
8.66723
74.8282
80.3818
2.19733
30.7244
61.2703
23.2041
7.90063
23.5931
20.1724
10.1735
2.59468
67.6018
81.5496
9.848
81.826
56.8085
48.2767
96.4823
90.0344
110.362
11.5139
19.8358
58.294
2.23369
115.291
20.4645
49.6048
16.7465
86.5615
48.978
72.1
24.5295
61.8396
83.7735
8.95101
124.085
88.7843
120.719
47.5956
8.7203
84.4271
13.6159
6.68943
80.2908
22.0193
11.7842
55.3989
18.9263
24.3256
24.8109
54.216
1.08407
78.9745
70.986
5.81722
151.557
18.6325
4.04782
58.3538
0.925283
17.4741
46.5474
174.209
MET does not have solution even after MET smearing.
The solution is returned as if Delta was zero ...
15.9505
41.2328
99.9277
12.0122
43.3957
83.9689
9.63758
37.0335
83.4346
12.0881
36.4978
29.1385
44.9768
88.8715
24.198
30.285
119.464
26.3805
11.4465
23.9519
30.5387
67.4392
42.1717
56.8221
40.4231
260.127
MET does not have solution even after MET smearing.
The solution is returned as if Delta was zero ...
72.671
77.21
16.6078
59.5737
102.432
4.59305
39.022
1.8091
59.8144
74.3805
10.9237
19.5069
50.8068
54.6414
52.8068
52.5222
43.1168
35.2075
50.9303
15.8502
76.9116
12.205
4.52407
39.9195
5.31217
41.8812
66.1437
46.4999
48.959
22.1652
38.5457
53.5216
69.3677
48.1878
4.96748
33.2121
13.7929
79.8637
88.2093
48.9487
24.3174
63.3286
24.3192
66.9754
71.7552
21.2862
65.8515
5.74246
45.8478
113.784
14.9311
43.1773
39.7518
44.4832
48.1547
57.4666
10.8884
38.3645
16.4022
13.3117
32.5911
271.141
MET does not have solution even after MET smearing.
The solution is returned as if Delta was zero ...
51.6941
18.9217
62.1461
16.4529
63.8726
20.7363
67.1305
37.9945
29.3524
53.971
11.9349
84.2058
110.007
42.3686
32.9666
25.1421
25.6722
89.431
3.94
54.3095
37.1668
118.06
40.0089
8.52499
43.6734
34.5738
42.228
42.9528
28.1312
19.5671
25.3837
70.2236
24.8672
121.715
50.188
16.2669
24.1077
23.0437
60.1744
92.5554
41.5956
13.4548
72.0655
14.7092
19.2843
41.7063
42.0891
7.93693
70.4041
105.441
21.3303
83.089
26.4175
30.2769
35.4309
2.05954
168.041
24.6741
38.5197
46.1605
55.9757
19.5853
50.9748
63.138
44.743
48.0128
6.8324
133.606
4.94475
48.6024
65.8615
61.4312
25.972
20.0068
51.4343
69.3186
5.63371
25.9406
26.8876
83.5982
28.8299
7.63145
28.04
31.9229
26.9696
29.8937
1.68943
36.5481
63.245
6.34669
8.40093
62.2268
20.3332
26.2502
52.444
32.6048
17.3622
121.622
43.4172
9.99501
44.9827
51.4366
12.2745
50.3219
66.2027
60.3069
54.4678
60.2893
4.43781
81.3263
79.3782
71.0223
23.9922
10.2972
31.6536
33.2659
5.42195
60.5222
16.2704
40.1589
62.2436
29.7464
113.426
6.14332
49.6606
56.4622
134.147
44.6857
51.5791
100.561
51.6325
82.0949
0.300864
17.0927
80.9627
98.5431
17.0276
2.0532
57.636
23.473
0.170741
77.0401
132.187
44.9918
37.9172
49.7767
120.559
43.5112
20.0014
37.5199
106.151
108.331
54.6101
100.14
28.4276
30.7884
28.6488
17.8722
22.8492
55.3668
13.7037
57.9601
38.7929
57.0058
45.9959
46.7785
78.559
154
17.6569
59.469
14.9464
11.6384
24.8994
3.89842
9.41945
38.8537
8.94103
67.2427
23.6776
69.7677
21.5206
22.1601
30.0589
10.4739
29.6877
22.0128
31.9906
35.4464
41.074
20.7954
42.0526
46.2155
4.82967
26.819
51.1925
24.7856
9.35533
48.8926
19.5559
16.1255
26.99
10.1478
25.755
13.6677
15.7959
44.796
21.3856
29.3063
33.8779
62.0867
18.4363
49.3519
75.3092
0.770741
5.91044
14.6944
25.4282
13.5744
175.787
MET does not have solution even after MET smearing.
The solution is returned as if Delta was zero ...
65.865
91.5609
31.0716
97.8511
27.4553
56.2437
24.8819
47.2682
8.48079
1.72055
0.717666
31.7105
53.754
2.22504
58.5074
31.7555
4.31728
18.023
19.3416
38.1489
0.260411
68.0089
108.591
53.912
29.1147
12.2712
71.1982
23.9106
6.19543
120.542
32.4378
6.54645
26.9405
99.4469
30.5463
22.8712
1.61192
67.948
11.6585
78.0288
28.2191
102.27
97.6333
60.6449
56.968
98.0389
111.265
2.50073
16.0778
2.62283
32.1276
66.4322
40.4451
96.7479
104.204
50.0142
34.8091
58.069
77.5667
14.5933
176.014
MET does not have solution even after MET smearing.
The solution is returned as if Delta was zero ...
59.5764
42.3809
29.6953
138.682
5.50052
2.944
24.8924
72.5599
50.5244
11.614
5.9876
59.1106
60.1072
142.929
MET does not have solution even after MET smearing.
The solution is returned as if Delta was zero ...
122.979
3.1421
2.73738
68.7384
12.3851
140.468
2.52455
22.5561
178.398
MET does not have solution even after MET smearing.
The solution is returned as if Delta was zero ...
125.133
41.1999
64.5035
72.9423
150.983
1.23307
40.8545
13.496
13.68
10.5196
38.5179
71.3886
13.8889
74.5396
73.5196
26.5933
45.1265
42.1095
15.5508
13.1664
23.7403
7.39856
10.1296
23.6982
51.1753
35.611
91.1743
43.1035
0.340492
43.0079
75.4834
22.8399
4.01295
85.3774
63.7881
37.955
67.1191
69.1989
49.6524
13.1925
20.7439
18.4211
27.3705
67.7976
99.1743
64.6083
74.3508
42.2797
36.1626
30.1266
57.6541
36.1104
32.5123
11.6639
44.9759
58.9242
134.174
MET does not have solution even after MET smearing.
The solution is returned as if Delta was zero ...
106.44
54.4292
70.3262
38.3661
38.2763
38.9989
66.7081
0.95531
68.2021
11.514
91.0932
48.6917
38.9562
37.4566
73.0378
44.8151
24.7989
8.0377
50.4663
38.6306
22.3145
13.0383
4.90669
17.996
61.5398
60.5243
53.7654
104.306
3.95532
124.136
88.443
64.5778
97.3109
7.76881
105.085
40.6694
51.939
42.1521
66.4702
36.0436
90.5606
29.413
9.78901
17.195
6.26382
2.98729
17.2117
77.0423
35.2212
60.4459
111.219
43.0951
63.7753
43.5157
34.0261
10.9062
102.407
52.0716
27.3118
48.1351
46.6612
32.7556
17.3822
14.9295
22.1112
114.287
68.9537
65.4071
68.9698
64.0012
101.521
81.5968
49.7492
60.2971
89.589
59.2914
19.2607
56.5505
77.8225
43.6646
86.9603
35.0686
79.2729
22.9215
35.5998
27.2103
33.732
100.875
61.9748
6.28383
21.9067
367.533
MET does not have solution even after MET smearing.
The solution is returned as if Delta was zero ...
28.3639
4.78761
33.795
31.6349
73.637
68.9316
96.8588
42.6666
2.7133
81.3667
6.90538
13.7449
50.5865
37.9952
67.3398
102.776
64.0961
27.4629
22.8502
45.4022
48.0756
6.82024
20.6933
88.5043
72.8601
63.5657
69.8709
103.184
42.2908
52.0979
39.8376
8.8146
3.79463
10.4608
91.2406
98.6734
64.1239
0.196107
34.2275
80.8817
2.85019
65.357
85.8787
62.2473
112.785
31.5725
92.24
70.5849
111.858
39.8053
122.635
14.04
43.7041
17.2958
25.0217
43.2137
28.188
14.4582
46.4064
104.312
129.985
MET does not have solution even after MET smearing.
The solution is returned as if Delta was zero ...
43.6021
42.6208
0.00141823
38.1362
22.0602
20.9506
21.002
25.3201
23.3627
15.5471
20.9429
72.4008
25.8929
10.0349
40.8468
6.40866
141.809
65.2345
75.3771
13.7838
60.5454
12.6613
22.6509
36.106
15.8487
24.6586
42.0647
21.5006
20.1372
86.5246
46.9644
64.0129
31.1444
2.91162
72.3145
29.8782
44.3566
27.6274
130.126
MET does not have solution even after MET smearing.
The solution is returned as if Delta was zero ...
40.5482
39.5811
39.8427
17.0186
52.7517
12.4484
74.6921
36.5225
39.634
65.1459
9.05108
14.2463
54.707
56.8768
29.653
73.5793
56.8768
72.7825
29.9022
21.0985
30.3806
4.33237
20.0432
126.197
35.8896
139.966
79.5923
19.8873
122.604
53.5197
39.406
47.0686
66.3823
0.293154
14.8163
33.9953
65.3987
95.4246
0.625359
16.4222
7.89147
0.713354
59.0353
21.8261
38.4306
50.7728
51.8118
57.8976
23.3391
39.5688
21.9934
44.0014
67.2113
19.6793
180.12
MET does not have solution even after MET smearing.
The solution is returned as if Delta was zero ...
77.5278
106.679
59.5949
61.9709
47.1396
9.57903
33.4331
71.7657
6.91083
38.2141
26.9733
1.46941
4.97396
52.4439
66.0762
20.7618
66.9093
43.2333
89.0212
20.0725
19.1999
17.3829
54.7646
85.698
48.274
6.82172
18.0378
50.6689
30.482
15.9496
29.1748
50.392
40.8375
42.4767
24.1506
65.5084
65.1542
65.6585
35.0534
51.035
46.8868
70.6189
40.3239
31.3202
76.9777
14.4386
35.5882
67.5508
38.3199
479.231
MET does not have solution even after MET smearing.
The solution is returned as if Delta was zero ...
64.4306
27.6765
52.2916
81.2509
61.353
6.6565
42.4509
9.68973
102.209
51.7889
60.7752
103.512
128.482
35.8305
39.5635
50.4623
60.6204
18.7127
27.3549
1.41337
34.7329
75.5109
40.2237
53.0015
16.1147
13.8376
12.3167
6.34138
93.821
98.1083
66.0379
26.3289
0.95598
127.46
83.9311
63.9955
22.3967
10.8935
57.1326
103.927
38.7358
5.73486
119.775
38.8586
7.99682
72.2448
27.3749
33.1176
30.4944
63.2468
83.5175
48.9425
69.4725
26.12
19.2513
5.45876
15.2204
20.7346
24.5796
51.0128
170.115
27.099
116.471
74.2143
63.9321
27.4665
66.9765
79.9772
70.3054
101.631
37.8722
63.0721
20.8919
21.9128
45.7368
26.7521
6.94096
99.4736
74.5796
40.8436
12.1729
20.7294
38.7414
53.8771
40.8423
2.17668
34.8505
30.5081
111.489
49.3129
20.632
48.2399
65.8759
30.3124
157.021
54.1293
29.0522
37.5855
47.4182
74.3429
21.2247
8.07915
4.08474
69.7289
64.1937
45.4162
33.6711
110.145
17.9101
26.0574
48.9865
67.9786
53.9984
34.6074
37.2649
98.7246
52.9362
89.6543
58.4394
55.5783
94.8624
55.4708
5.54779
21.963
36.1715
5.97482
56.61
10.2385
10.9751
24.5894
46.9568
4.41855
42.003
24.7323
25.0167
97.5814
24.3079
15.4791
96.1267
46.4766
10.9961
63.1483
18.8384
14.8684
3.54938
23.6555
111.981
41.9147
58.6797
14.3945
68.578
123.716
27.056
22.7716
37.8558
68.5847
20.3435
37.28
34.7066
2.40444
48.0565
30.3807
39.2173
15.6289
55.9229
83.6759
6.1651
56.1827
14.7755
65.3774
1.95469
60.5153
87.4318
15.4584
80.9901
10.2217
93.9057
72.0048
70.8414
3.29879
20.4639
105.221
66.1997
56.4713
94.3526
77.7154
81.9636
7.06512
57.8828
73.2859
101.721
30.7902
46.8532
45.2433
65.2362
1.5694
7.82291
25.2939
16.2148
24.1485
65.4471
3.67821
40.6518
20.9739
72.1809
3.09912
12.6928
37.8025
82.7493
59.5971
76.8143
37.8769
7.89419
76.0218
100.214
46.0709
36.1369
148.287
MET does not have solution even after MET smearing.
The solution is returned as if Delta was zero ...
101.407
37.6416
76.4304
62.811
60.335
37.8061
39.3336
69.6392
39.0735
86.0302
148.793
1.96407
3.8859
133.277
90.2292
41.3765
68.1917
1.33515
76.6007
14.1563
75.5068
16.2315
38.2869
89.8576
40.6561
83.6239
31.7426
1.07905
0.0387597
79.1501
23.072
31.7089
139.199
5.91461
7.31819
53.9137
91.8677
69.8877
101.614
62.7452
22.5094
6.32403
6.85978
41.0783
2.66298
210.97
MET does not have solution even after MET smearing.
The solution is returned as if Delta was zero ...
77.87
10.5216
39.1114
3.23489
7.58901
63.1982
89.9011
6.42309
86.7998
34.796
28.5373
19.0596
63.2335
131.14
MET does not have solution even after MET smearing.
The solution is returned as if Delta was zero ...
29.2483
47.4849
49.4215
74.1899
90.9187
30.3459
336.558
MET does not have solution even after mW smearing.
The solution is returned as if Delta was zero ...
MET does not have solution even after MET smearing.
The solution is returned as if Delta was zero ...
13.3919
17.7155
25.8633
30.5651
11.1362
4.25628
46.7349
74.2744
158.025
MET does not have solution even after MET smearing.
The solution is returned as if Delta was zero ...
13.3271
43.7175
27.7127
70.2219
10.272
82.5718
62.3043
10.5432
144.499
MET does not have solution even after MET smearing.
The solution is returned as if Delta was zero ...
68.6736
17.4332
22.2496
67.3451
64.3193
9.74928
25.3535
142.198
41.7515
38.7047
28.4281
29.6643
88.3102
22.8129
71.7609
61.0657
71.4541
108.878
121.868
4.16373
40.4262
85.1174
59.4159
113.452
30.7141
60.9672
68.6825
119.996
29.1962
57.3085
29.9098
37.1337
83.4966
53.7413
48.7145
67.5127
45.4903
71.084
60.1044
24.3329
14.706
15.9735
45.1818
114.58
8.87211
60.2288
74.267
40.566
75.1581
27.923
20.5946
18.2143
63.4381
102.125
80.8103
13.4921
25.5288
51.4109
139.505
191.613
7.28596
9.17341
6.96984
56.7921
72.2893
73.3153
3.96313
71.2448
0.942471
52.9056
28.5762
26.3751
23.3558
40.2602
31.2801
10.4066
14.3749
38.525
3.00607
46.841
79.1539
47.9847
28.1302
128.738
78.3484
24.7982
92.8688
54.2953
77.7977
6.10119
12.6269
68.4935
74.5488
23.8451
97.6641
61.9906
33.0994
67.809
4.18159
26.9426
35.8746
45.1264
43.1509
255.282
MET does not have solution even after MET smearing.
The solution is returned as if Delta was zero ...
58.802
11.1098
58.8326
24.4264
22.4066
8.0854
26.9833
58.4317
40.4985
33.9418
101.158
40.0652
126.578
110.928
41.7891
66.9399
33.3749
17.9921
71.6317
72.465
20.7203
76.5489
62.8899
10.5871
129.349
46.9527
33.8722
23.1003
144.394
24.5285
34.1606
51.0627
107.949
90.1323
99.8203
1.71951
60.752
83.2699
43.3053
9.1002
51.354
14.0403
2.11897
2.98229
5.23223
51.3805
40.5792
76.2778
43.7594
14.5691
57.05
11.853
13.7064
29.0755
80.3124
53.9709
62.1234
59.7153
11.1592
69.0094
5.5243
131.559
10.6481
36.8512
44.1927
84.2526
64.3541
49.411
33.9276
40.2685
25.5166
12.5502
36.0661
59.8363
27.8366
2.83835
84.8329
9.06734
40.525
57.6459
7.68724
101.257
10.6767
73.021
131.219
154.105
MET does not have solution even after MET smearing.
The solution is returned as if Delta was zero ...
117.229
64.2323
22.9576
88.8991
46.1815
63.9489
69.0626
64.2893
51.7789
54.6855
66.7131
11.0444
42.5127
33.2167
20.3912
50.3382
1.90799
0.882273
101.811
31.3812
114.8
107.456
12.1636
16.0528
37.5952
27.5589
24.9936
22.305
27.6699
120.492
81.9831
56.7345
6.80481
15.2401
75.04
64.236
36.201
76.435
20.9522
113.476
44.8951
44.0164
63.4643
16.6151
43.4623
51.6695
64.1319
20.8806
7.79857
55.1916
11.0958
27.3892
33.7999
22.4425
80.4563
28.31
58.5304
26.147
27.1165
2.63618
27.0205
13.3857
20.7263
36.7769
63.7154
16.2391
38.4381
49.4386
50.0875
27.8737
84.8266
51.6471
61.6797
12.6846
10.8578
69.0519
89.8072
1.77439
3.69038
20.522
11.6383
24.7238
119.936
85.9734
80.0713
28.5206
73.5542
3.63234
66.9192
83.737
102.755
54.3415
92.4143
37.0514
27.9117
2.14
74.121
5.54704
22.1478
46.4926
84.8773
0.770414
29.6825
22.8679
70.4599
80.6844
18.8642
33.6432
32.8753
54.1904
39.1529
73.5555
71.9438
78.4927
40.3835
39.33
18.5184
63.7112
36.7292
95.1253
116.238
21.7158
52.179
11.099
13.6254
33.0762
30.58
17.5117
5.48084
53.6373
3.91126
45.9408
56.7593
4.90595
40.573
60.4083
88.1957
76.2755
51.7842
74.3103
24.2928
63.6242
21.4917
60.7377
107.838
61.8986
26.3807
35.1983
36.3856
39.4151
4.6331
32.6021
80.2382
3.24498
10.6392
19.2185
71.7628
79.1019
116.777
24.3338
10.3882
14.5522
96.2564
4.15626
35.8882
104.541
11.7772
69.4232
43.5248
49.5618
6.24906
16.2902
55.5913
21.1869
6.35657
29.1575
38.9972
27.617
34.2904
106.752
44.0187
16.0867
11.7565
52.9348
67.541
107.307
86.4991
15.85
82.8024
58.0863
74.4582
80.7448
88.1402
11.8236
105.447
210.993
MET does not have solution even after MET smearing.
The solution is returned as if Delta was zero ...
112.673
1.27434
24.2922
84.7353
121.07
93.501
77.0644
39.062
1.54015
52.9884
64.8463
67.9013
16.9961
49.7687
123.858
65.4764
9.09594
35.3383
145.773
51.1054
46.3075
37.6416
84.6806
69.8437
35.8211
45.2371
36.5321
74.0683
44.944
115.005
65.2063
32.2426
66.0054
99.4297
49.7113
99.9156
152.33
MET does not have solution even after MET smearing.
The solution is returned as if Delta was zero ...
66.2147
29.0692
33.3713
53.0546
17.0143
89.33
43.3467
23.5659
84.2647
7.75384
48.1128
32.8247
161.602
MET does not have solution even after mW smearing.
The solution is returned as if Delta was zero ...
MET does not have solution even after MET smearing.
The solution is returned as if Delta was zero ...
12.4777
41.4323
31.8877
17.7984
107.423
61.0197
194.147
44.2437
118.508
33.6907
48.6203
31.7982
52.1539
4.02913
67.5603
33.8335
107.506
18.8583
36.2009
68.817
15.5358
63.3919
50.9457
80.2173
6.99266
69.4187
42.4324
52.8055
119.256
13.9035
75.0143
48.6767
43.1037
84.3661
46.8763
21.9461
101.093
37.183
34.2366
98.2503
91.4824
38.3169
64.5336
7.05572
15.8984
27.4707
9.22827
15.9147
21.5299
19.0206
38.8411
31.0871
31.7644
167.269
MET does not have solution even after MET smearing.
The solution is returned as if Delta was zero ...
37.5585
110.369
85.7424
29.3373
169.182
6.8033
34.1071
1.61847
56.9239
29.6593
27.6588
91.5198
11.4976
79.4901
0.403323
19.8295
56.5861
29.7359
24.5115
34.3526
20.7152
47.6207
1.13099
18.8738
63.5571
65.4463
142.386
5.25449
81.3424
82.7648
56.311
36.6748
70.5897
178.189
MET does not have solution even after MET smearing.
The solution is returned as if Delta was zero ...
85.1969
122.37
86.6053
67.4994
2.58489
49.571
35.6648
63.163
7.14651
43.6828
72.1342
3.1552
111.575
91.539
49.1425
17.0031
39.1049
3.77242
64.0586
7.52162
25.8004
4.19824
127.053
37.2925
98.0516
3.95754
72.5773
73.4078
80.7183
8.26835
94.9523
19.1991
127.877
27.0303
42.3956
66.7796
10.9611
45.4872
87.4227
32.4988
62.3862
64.1062
44.7956
45.7147
50.5674
34.5109
31.7654
20.6069
69.7511
55.0072
19.1525
74.4467
25.9283
56.3422
2.93828
62.2274
12.938
40.3197
38.4572
0.397173
138.525
32.3846
12.7824
5.4403
13.7785
16.4695
162.843
MET does not have solution even after MET smearing.
The solution is returned as if Delta was zero ...
0.870452
212.935
MET does not have solution even after MET smearing.
The solution is returned as if Delta was zero ...
55.8672
97.4332
15.8102
25.56
64.3247
79.9039
23.0107
1.03227
16.4018
26.2346
94.9965
25.2942
80.955
79.8444
15.6802
137.929
7.76919
15.2478
82.2839
49.7028
37.6453
9.18417
71.3101
57.3012
38.3294
16.3419
28.4789
80.0511
54.2649
125.461
81.5694
13.8294
86.9221
27.7944
33.8983
4.51485
31.3271
48.6085
21.1956
19.439
38.3872
36.6444
69.2224
29.0117
43.6957
13.8746
88.3147
28.1798
79.3847
33.0807
36.7591
69.6591
3.1083
92.2026
87.3367
33.7405
49.1482
35.5294
15.3828
23.7275
90.7523
37.6722
20.5336
68.7185
63.612
25.6971
15.1012
15.0744
23.9094
11.1897
48.4328
1.5971
16.7059
53.3157
27.1855
30.3222
24.3557
68.0543
28.2999
80.5231
32.6597
95.6808
2.19408
145.894
MET does not have solution even after MET smearing.
The solution is returned as if Delta was zero ...
43.4472
20.8943
19.8395
42.0849
7.92006
38.1323
25.7933
37.1521
27.0717
59.3452
12.0371
95.0478
118.904
26.9231
32.1412
71.5481
9.08573
32.5494
31.9972
64.5116
78.3515
76.097
48.2481
104.368
2.06666
18.3126
57.6804
88.1333
63.278
67.5976
2.30785
45.1111
15.9978
5.22341
51.2198
14.0034
11.0508
41.547
81.2246
50.5634
22.9386
21.4568
13.3294
77.4301
42.6445
58.6789
31.4318
86.8362
0.646102
13.1584
92.4673
16.0033
94.4363
130.659
32.6995
48.1673
61.2991
64.4448
3.853
33.8649
51.9574
8.95142
43.9553
85.6831
80.0413
20.3752
49.9093
76.8188
23.3136
8.98351
90.5516
16.1231
50.1689
22.1528
93.7552
71.4605
53.699
6.55638
84.4134
26.5123
14.3161
96.792
10.6844
68.9837
31.0307
40.5641
35.4707
71.9959
75.6983
57.0933
37.7332
51.3282
11.257
83.5267
14.4352
9.64664
64.0432
27.1188
72.1162
33.4371
53.7694
52.0469
26.0715
60.107
35.4618
126.176
21.2406
111.974
26.5207
93.0109
19.3614
26.5044
60.503
42.025
40.8325
27.3111
79.6142
7.79089
86.7808
62.174
20.9738
52.2513
28.1592
79.9026
47.2488
97.3729
48.4614
2.71977
85.0527
60.0838
16.2464
80.7568
26.8793
72.0875
47.7481
52.3682
47.5456
50.0329
18.9759
31.7338
78.8009
74.463
4.52824
24.4241
117.17
80.3587
23.8483
16.4999
1.70423
86.0208
52.3973
61.251
11.045
103.661
18.4307
124.125
20.7708
30.8051
284.391
MET does not have solution even after MET smearing.
The solution is returned as if Delta was zero ...
43.9562
130.251
57.7668
15.6071
15.2991
17.4558
62.2741
61.7587
26.5132
72.7888
13.5703
73.4878
87.8189
40.1799
27.727
77.3616
63.7317
44.1072
57.1865
38.2667
60.6854
8.85493
67.8562
53.4197
30.6757
33.2853
110.786
39.6303
74.8329
1.91441
20.9044
54.7206
46.3122
16.4906
51.9543
27.457
42.9905
2.08016
26.0988
57.6831
0.303424
75.1869
119.714
59.7717
81.789
37.0918
39.1886
12.6676
17.8781
39.954
48.5135
46.9931
5.59566
16.083
60.7215
59.1193
52.4169
74.8669
4.71944
42.8315
4.13237
32.1671
87.0818
27.9248
8.06756
225.784
MET does not have solution even after MET smearing.
The solution is returned as if Delta was zero ...
8.14745
186.953
MET does not have solution even after MET smearing.
The solution is returned as if Delta was zero ...
159.262
MET does not have solution even after MET smearing.
The solution is returned as if Delta was zero ...
6.6233
134.246
34.4551
54.3432
1.59614
31.9982
38.0763
24.1758
65.1717
68.0052
83.5476
9.86464
0.924692
40.9133
12.7032
82.4093
37.9393
24.097
56.8749
52.2779
16.3352
21.1525
43.3699
53.8738
89.1909
9.78789
8.92964
91.3098
15.674
71.9758
45.5154
14.977
85.7436
61.0309
22.7091
64.563
62.2609
98.9571
117.158
71.6093
44.5887
24.7339
95.1585
81.2398
50.3145
47.7999
15.6092
4.24966
16.4287
53.8191
11.8125
40.8601
18.8737
108.155
26.4695
54.1045
44.1015
8.20322
114.677
55.0415
57.4259
84.1515
9.92431
99.1461
24.5045
67.1567
155.122
27.0082
108.903
116.777
2.97658
9.85365
32.958
14.8386
5.48513
36.4674
49.7929
26.4301
76.8918
48.3956
61.3655
49.6067
9.58834
8.97821
43.6586
41.952
41.8095
72.3042
48.2621
14.4083
18.8472
0.402042
53.1275
37.7018
57.2761
106.709
53.4358
35.571
94.0103
3.07409
38.1014
217.529
42.2716
46.4047
90.2557
22.0191
83.1193
38.1748
34.7776
43.042
59.4267
3.45327
75.6619
38.3354
61.7315
7.68452
25.9521
95.71
64.1771
146.772
MET does not have solution even after MET smearing.
The solution is returned as if Delta was zero ...
20.4999
73.4442
23.1001
14.603
83.9663
73.3934
40.7889
43.2434
102.074
38.3634
41.4688
66.7991
20.9892
24.2647
63.033
45.4904
34.9082
46.8658
26.2207
32.1812
1.69893
34.4778
17.2881
13.5075
1.39161
64.6628
39.7931
17.2735
120.949
50.4182
47.2933
4.55754
50.2778
17.248
48.2336
3.01749
29.0201
0.874202
2.68584
17.4342
20.0689
87.1215
28.1752
20.3856
49.76
17.4707
81.7747
51.4172
25.5917
24.9676
63.3385
95.282
41.77
87.3495
16.8092
76.4661
4.86308
44.6988
63.3263
55.9123
59.4376
17.9425
26.6764
30.2492
66.7696
31.9582
60.368
16.9407
42.6696
61.016
92.2599
86.3627
49.0999
43.1046
76.6752
147.713
62.8303
17.1122
19.3786
28.8403
89.5175
53.5995
40.0813
4.42477
30.5654
45.5898
47.4857
3.05868
60.6615
60.256
72.3235
24.9291
38.4298
77.4958
88.0127
76.9247
39.7937
18.177
42.2093
58.6934
399.514
29.5072
64.5391
26.7268
64.5131
2.54668
7.44699
6.43305
14.372
17.4133
57.7272
164.256
MET does not have solution even after MET smearing.
The solution is returned as if Delta was zero ...
63.856
49.7877
19.4231
49.0213
9.14238
14.3217
before closing file input /home/nadjieh/work/samples/postMoriond/Aug2013/ZZ.root
before endjob
