**************************
SYSTEMATIC SITUATION: 
**************************
JESDOWN SYST
**************************
file number 1: ~/work/samples/postMoriond/Aug2013/WZ.root
I am in tree = 0
inDirect
treeName: WZ_2J_1T_JESDown
WZ_2J_1T_JESDown	0x2670170
0x2670170 tree afterward
WZ_2J_1T_JESDown
6180
87.2367
62.2831
78.961
18.8803
45.1228
70.3879
102.617
84.0762
80.4709
103.974
62.7522
52.1553
38.1123
68.3817
19.2522
66.6417
76.019
65.0041
81.1648
30.2061
78.4371
56.0568
127.295
79.8871
80.3752
32.5362
23.7784
56.1939
87.6939
85.4755
54.9584
104.297
67.9403
80.9495
51.4941
114.64
72.2896
13.1888
72.0795
75.5516
102.017
3.60107
17.9553
104.967
65.5936
68.688
76.1047
46.9844
54.2835
42.8679
95.2099
64.5591
72.6774
108.353
112.882
41.2181
50.7301
27.1161
65.1953
99.2092
47.3092
90.8242
62.955
98.1693
147.273
MET does not have solution even after MET smearing.
The solution is returned as if Delta was zero ...
150.252
44.0257
60.4397
54.5312
104.804
24.8871
9.94573
73.8777
107.405
28.1517
13.1531
6.21205
70.8956
70.2237
97.3081
78.0114
78.0592
27.5832
59.1927
43.9181
32.6802
78.8677
12.7215
31.4366
62.3419
10.4165
4.25491
93.8214
84.8793
55.6812
71.9168
74.3429
91.6896
41.3038
88.1832
22.0156
1.1842
88.7892
68.336
114.632
70.648
10.2542
117.365
61.2745
57.0872
67.1081
55.6654
71.4442
79.8214
64.9241
28.9939
47.4926
89.6002
44.0895
7.5129
24.3173
53.762
84.0842
68.3351
106.592
103.939
38.5112
5.33496
84.3068
12.4147
71.8129
55.9133
75.0392
13.8654
85.4239
71.32
18.1801
42.3492
28.5675
96.0723
11.5858
90.3071
93.5638
72.2252
59.7155
98.4142
70.1359
60.1272
86.5854
72.8409
98.1983
90.3345
53.8339
2.36804
54.4512
33.7951
81.7861
83.8468
72.7937
88.1354
61.0615
25.8853
84.4771
93.3511
83.2415
11.2361
82.32
47.9407
69.6072
50.3679
49.481
45.005
4.75098
66.2327
23.5023
96.0094
93.8429
8.08065
86.8974
71.9594
76.4847
85.9125
53.3173
6.69251
84.0041
105.514
126.474
MET does not have solution even after MET smearing.
The solution is returned as if Delta was zero ...
46.9839
88.8627
50.1539
86.6381
82.6461
21.3449
29.175
52.7232
45.0618
45.7167
109.645
56.2387
75.2198
3.55805
123.513
MET does not have solution even after MET smearing.
The solution is returned as if Delta was zero ...
64.6788
27.2765
199.548
MET does not have solution even after MET smearing.
The solution is returned as if Delta was zero ...
70.4534
94.713
94.1217
16.8078
90.6171
60.3326
37.0474
83.7135
54.0372
68.5596
69.1983
104.976
36.7313
70.7472
85.6323
46.1782
74.0239
58.165
104.308
107.61
38.3679
67.2456
46.8072
72.0529
61.968
55.3147
79.9896
30.5269
51.493
18.0697
47.6531
39.2536
108.337
95.6277
7.93956
66.1245
57.3482
76.044
2.53683
71.4631
106.423
69.2001
29.8893
94.3278
36.2747
57.306
29.3484
77.773
15.1161
70.6708
35.3775
57.7835
79.5666
0.955717
64.2203
0.0124201
73.1649
103.177
19.2917
81.187
84.6628
93.861
64.6694
10.951
76.2742
70.9491
63.625
10.6072
28.9119
51.364
62.801
60.2948
86.7184
51.5004
38.4481
104.997
101.757
19.8147
30.7681
62.9369
50.6634
72.2047
55.3048
10.6009
73.7162
47.7653
13.9838
73.981
41.9824
84.1594
45.1936
63.4178
77.9379
46.4588
72.077
44.7382
52.1132
59.5162
40.7291
124.782
2.85342
39.9675
29.2441
75.587
77.5264
19.3574
75.5733
6.86053
89.6563
59.7433
30.1181
22.6881
20.1984
40.6836
89.9639
99.4819
96.4723
47.4549
108.699
90.7078
34.4562
91.9022
25.1866
2.89449
80.2614
64.5803
74.4237
93.1647
40.4261
93.0209
52.447
54.2196
79.3814
58.1263
93.1788
90.8975
85.3934
124.395
0.95179
32.5376
74.7226
73.8856
17.634
90.3898
45.8297
86.3244
3.04364
72.6957
75.6908
13.1303
93.8134
16.7173
23.3256
39.2455
64.7363
117.005
48.7052
43.1377
71.0372
40.6424
56.8591
17.9363
14.5447
73.3863
66.3048
82.2123
109.872
54.0619
64.3857
2.51622
73.412
58.2402
144.745
MET does not have solution even after MET smearing.
The solution is returned as if Delta was zero ...
58.2838
88.9268
84.3247
50.6978
78.2286
3.02962
73.8486
19.5173
61.7946
86.6245
42.2823
96.7342
73.7346
4.82748
54.6727
27.7444
123.699
98.0284
64.4093
39.2443
83.5667
15.3379
95.2546
131.699
98.8982
15.9872
62.7845
20.5409
51.7755
86.1198
63.6603
70.5234
82.9709
65.4931
101.803
44.5894
32.4579
71.2041
87.9706
64.3301
43.6365
105.017
76.24
82.4618
59.1573
5.91771
74.7458
86.4726
72.8588
28.3982
107.626
60.1217
74.8652
71.4592
100.685
24.3598
81.3084
22.2349
76.6351
35.4441
47.447
50.7985
47.3415
49.839
66.0338
80.9404
86.1601
3.82973
67.3288
72.3006
74.7949
47.2963
77.8535
109.524
52.8919
45.3352
75.5694
61.4031
86.1723
68.1522
88.2206
60.0537
13.9358
3.73508
63.3763
45.6333
26.6255
86.1885
80.6721
40.2341
87.0353
87.4194
94.9714
53.4248
73.4747
22.6936
50.1405
51.5193
32.5081
21.6445
44.7123
52.377
85.3819
67.2702
76.278
63.7438
65.601
196.345
MET does not have solution even after MET smearing.
The solution is returned as if Delta was zero ...
1.92013
64.1291
92.4689
70.8636
66.4346
45.9792
68.5648
90.6718
27.1391
57.0434
58.151
86.2181
71.5498
30.1883
12.449
47.8094
76.4569
91.8082
82.9118
28.1828
66.1668
93.9913
71.095
32.0516
71.5137
1.12167
42.4422
70.7067
73.2193
196.166
MET does not have solution even after MET smearing.
The solution is returned as if Delta was zero ...
54.1065
73.5391
110.509
76.3592
142.841
52.8442
157.163
MET does not have solution even after MET smearing.
The solution is returned as if Delta was zero ...
1.94782
87.855
108.32
71.4025
98.1322
35.4912
72.1078
110.534
89.2186
77.7905
45.4986
61.2837
75.2102
28.6012
51.8982
74.6904
67.898
49.9327
61.3377
115.474
120.236
41.3781
83.0446
51.181
93.4415
39.6153
99.5959
94.3709
50.6423
8.57169
82.5129
60.8557
73.9973
160.588
MET does not have solution even after MET smearing.
The solution is returned as if Delta was zero ...
19.5964
8.38414
53.9631
42.9836
67.8688
11.3796
45.074
36.8396
34.8961
34.8722
88.3637
99.7649
39.4794
31.5755
23.6805
98.2283
8.77858
73.1185
53.1482
19.8773
49.3475
73.9786
61.9159
17.6959
67.3384
38.1971
83.1685
38.8921
37.6663
73.8206
124.311
89.7244
37.6926
103.221
61.799
0.203001
84.5332
83.1247
58.928
90.3812
49.9152
69.7789
51.1306
76.6848
66.5249
43.9279
71.0529
22.6261
65.8354
69.6855
81.4162
10.7647
72.1537
101.772
27.2023
68.1319
56.6579
0.841753
4.97604
23.9936
47.903
97.2805
67.139
22.9083
2.81965
196.105
MET does not have solution even after MET smearing.
The solution is returned as if Delta was zero ...
69.0433
53.448
185.567
15.4164
88.5587
98.6368
9.45632
79.4873
74.5217
149.131
26.9668
39.2768
59.1943
77.5708
93.0266
65.2966
6.6166
5.68902
78.6237
42.4258
60.3419
75.5909
88.1397
80.1438
65.1409
88.0715
99.3962
4.11826
55.6286
35.3436
84.9401
65.1467
73.2644
53.0843
44.9213
40.6864
63.4402
76.8325
49.6116
78.4913
54.5332
67.9547
80.0916
81.9909
29.1784
0.75211
78.2877
47.8961
60.3926
89.0331
41.5908
49.2186
94.0132
31.6452
67.8463
105.385
79.6197
130.944
112.577
11.236
25.4437
77.1028
30.4942
28.7251
31.9205
24.4929
75.6453
81.9447
11.332
50.265
80.6777
28.5453
54.8405
62.6688
6.32737
110.76
49.2444
46.8054
36.4335
87.8138
92.6989
88.8426
50.6888
42.3904
94.1144
41.3989
46.8147
55.5877
82.2277
66.3074
56.3571
80.4465
74.6718
8.98844
25.8337
90.9778
93.8969
38.7838
43.3002
67.4629
25.893
93.4086
88.9459
79.7841
15.5745
84.1913
86.8862
59.0115
88.4918
91.807
41.889
77.5056
93.4097
50.7719
47.8868
72.6105
46.383
77.8313
109.041
59.4715
24.0164
5.67421
146.598
MET does not have solution even after MET smearing.
The solution is returned as if Delta was zero ...
22.5641
94.7997
18.526
2.81223
57.6376
62.8808
67.3552
71.0488
77.6022
17.1346
69.2137
92.6938
142.5
131.302
47.5062
26.4909
46.2086
74.1521
70.9977
18.652
59.9933
87.392
37.6746
80.8792
76.5302
133.735
74.4739
29.6259
45.5452
102.141
36.0821
25.1259
39.4785
38.0842
29.308
8.72222
84.5457
93.334
54.2357
72.6685
34.7581
64.8512
70.0107
35.6739
59.4367
73.5074
74.0772
62.6479
92.0941
76.8586
15.6856
116.222
84.686
79.2115
85.1935
48.2719
91.2102
7.22471
67.1969
60.5752
65.2045
126.55
23.7466
69.987
79.8278
83.2404
73.7228
90.154
66.9092
24.0617
92.7858
71.7787
39.0988
69.8844
39.1907
33.2077
74.9666
87.817
98.6808
0.395235
81.7481
9.47435
4.21118
1.87542
60.9307
57.7247
65.0393
78.5303
16.7837
52.1642
24.1416
66.7792
69.9526
11.0861
76.8789
50.4682
17.4934
84.5307
84.6976
20.3893
75.6402
55.6024
48.3906
46.0661
56.1894
50.8179
76.6919
68.8397
75.5349
102.452
100.374
9.11054
112.713
75.2662
31.2399
35.802
57.7666
86.6263
93.5447
80.1979
79.0455
74.3956
61.1599
70.3132
6.86942
103.768
86.3373
68.2229
82.5285
73.9809
31.4311
58.7333
54.0541
118.078
46.6094
109.147
83.536
81.439
72.3966
70.7524
107.481
79.4779
103.182
80.9015
19.0561
63.0386
77.9794
46.4924
77.2931
71.2459
77.4312
1.58567
43.7119
104.983
58.3607
42.1898
16.0306
39.9166
45.8706
72.4284
59.2497
44.643
84.9846
91.6204
13.0961
19.1492
81.2734
50.5183
5.05609
18.6883
68.6354
96.5829
27.2213
72.1784
57.833
73.9086
66.8427
67.3018
95.023
36.5966
94.9545
87.3383
81.0557
96.8525
61.6373
110.438
82.5161
45.7843
72.9588
77.9274
37.5416
69.1982
91.4002
67.4572
57.553
44.101
40.8948
61.1599
78.9134
11.921
40.0855
80.4897
49.5486
45.8467
86.274
0.0546474
110.741
68.6842
69.4775
98.5956
7.57094
19.7228
53.2451
60.7513
77.357
45.4726
56.9566
78.2659
49.9426
21.6986
96.6713
35.7271
64.5814
91.1894
78.8399
93.7976
60.3797
153.036
MET does not have solution even after MET smearing.
The solution is returned as if Delta was zero ...
81.7416
46.0882
15.628
117.31
24.5022
15.4144
19.6703
70.3136
68.9651
35.3201
80.744
8.44098
95.2256
3.43141
119.324
1.74422
74.8345
73.4774
62.3319
17.8031
86.0773
18.8732
30.5654
34.4222
70.1031
129.221
83.2243
18.7719
105.378
90.6602
45.0496
96.9986
91.4097
3.00938
67.0361
42.9921
34.718
26.9484
99.0878
61.2991
73.0909
72.997
72.0703
26.776
76.6906
61.1273
86.8547
82.839
102.992
80.1529
56.0613
7.04148
114.034
76.17
50.6376
47.1965
76.7061
72.431
74.2531
75.9432
47.4196
53.4275
26.4191
10.4669
23.5793
98.208
20.6702
82.7087
74.8685
45.9098
46.2074
89.258
18.0218
50.1731
49.86
17.7405
82.7502
10.0657
89.0946
168.62
MET does not have solution even after MET smearing.
The solution is returned as if Delta was zero ...
120.592
107.737
67.9298
60.8955
33.0862
74.0024
106.579
70.1628
20.5609
99.5646
49.3993
61.7014
57.9809
85.2337
108.363
79.8924
55.2915
75.4236
82.8827
38.1667
84.4596
39.2251
64.4078
15.2641
29.0258
24.1252
5.77736
81.8957
103.533
74.0886
79.4352
27.2482
95.3074
49.4797
96.4125
77.3721
95.6465
41.4469
20.7171
32.5382
75.4194
67.6031
43.5977
70.9557
89.2766
88.2953
141.557
67.711
71.7428
76.2378
6.22218
4.72727
21.5053
61.574
56.7396
83.9698
97.2057
69.6005
96.785
32.3951
72.1307
58.7859
94.4519
112.125
57.4078
126.064
71.4027
103.616
62.5024
58.0481
46.1232
87.3739
16.429
111.201
9.52022
75.7755
30.3352
126.266
MET does not have solution even after MET smearing.
The solution is returned as if Delta was zero ...
71.7492
66.2364
76.4538
47.1326
13.2888
71.5942
51.5113
100.958
73.3468
73.964
62.5194
70.0715
87.0544
26.0535
67.3118
78.7203
104.44
32.9427
71.303
141.804
MET does not have solution even after MET smearing.
The solution is returned as if Delta was zero ...
30.6689
75.8166
48.2806
46.8398
80.9233
36.1845
18.2929
91.1398
59.1986
1.27444
53.8932
73.3284
33.8543
12.0863
68.3741
80.5255
53.2486
56.2042
52.7163
84.4442
91.4717
43.8786
83.3297
38.5774
66.4357
40.2265
61.9064
12.7775
107.109
65.362
81.0788
38.8199
47.557
43.2242
23.5066
34.558
64.1273
102.235
33.7022
72.6899
98.017
103.202
83.2521
51.226
3.60029
111.791
57.1302
72.9871
68.9414
28.7969
147.992
MET does not have solution even after MET smearing.
The solution is returned as if Delta was zero ...
62.3306
68.6728
1.76696
101.274
78.5199
88.1486
20.5956
68.4644
36.5231
35.9613
56.4843
93.9113
60.6117
56.6982
87.1683
110.703
59.647
9.71483
78.2705
70.2122
121.996
93.6695
79.4881
122.551
42.6363
73.2157
147.635
MET does not have solution even after MET smearing.
The solution is returned as if Delta was zero ...
102.552
34.0984
27.6243
9.2069
50.7288
121.082
75.185
41.5165
62.6755
46.4947
18.3667
68.9571
70.6374
40.7371
65.6284
29.4266
108.597
52.3808
77.0625
5.64365
4.6951
85.6498
76.8366
27.4699
10.4582
102.942
40.1398
103.499
86.6476
79.3547
74.5472
29.6875
19.5119
129.721
67.1578
67.133
121.493
83.4496
76.0512
43.5906
22.6131
10.3074
73.7716
83.894
63.6284
81.0623
31.4092
125.688
18.6976
46.3655
91.9554
97.5045
32.7137
93.9214
52.245
66.2254
39.6225
86.7451
6.8846
56.1375
65.4392
30.7465
64.8462
65.0922
49.6942
11.6657
47.8592
23.5858
38.2985
52.5203
75.9627
90.231
39.2814
52.5661
83.2107
45.6959
68.7686
109.504
91.2189
74.6069
45.4622
76.3206
67.0132
64.3641
28.0352
17.7924
61.3662
55.3801
84.9499
0.707768
80.5477
86.1944
115.262
52.7496
70.4028
49.0317
66.9886
55.6536
21.7722
77.5676
56.0768
71.2386
55.9726
89.3338
48.537
80.9245
72.7193
71.7171
57.5193
93.7327
45.1809
70.0294
43.6062
73.7418
5.17123
85.7756
68.2428
68.8898
43.9803
46.6586
83.2714
16.224
64.8569
89.8769
54.4533
114.945
59.9407
71.6771
88.6902
69.2055
12.3925
6.21273
85.5071
71.2007
52.3403
11.9034
25.261
22.7698
62.9821
142.51
51.4258
22.1615
111.818
76.7076
62.2488
91.8041
63.1562
78.9085
86.1127
83.3221
22.3542
65.6373
70.0057
72.0166
17.5668
71.1187
9.69091
126.266
44.7921
15.5879
58.0797
85.7325
31.6666
18.3071
45.4762
72.1071
44.1168
90.4168
115.792
69.9624
39.7568
63.8714
60.4294
13.8135
52.1741
76.7128
31.0492
67.998
69.2215
62.3962
49.8281
93.6295
83.7986
32.6302
26.6864
136.29
64.3336
12.364
58.5905
61.9759
80.7089
94.366
76.1144
76.5951
45.0098
57.5118
71.3153
33.0724
39.5802
80.2914
90.0297
68.879
30.0008
70.3125
18.8804
15.0826
114.653
62.5517
60.5823
70.1647
49.7517
58.0748
88.6118
109.308
58.8645
8.08918
59.2577
30.1853
33.3247
30.2389
9.38045
88.5123
46.094
47.7108
40.0205
36.8288
32.4307
81.1731
86.1207
31.3249
61.1786
76.542
90.4635
44.4367
50.1769
59.5658
27.8027
2.34305
34.8722
67.3685
43.2225
52.1682
82.9777
18.3156
81.7429
11.7186
67.8782
32.9473
104.159
115.875
66.7367
100.766
55.687
81.8585
49.5957
85.2432
93.7998
33.0807
112.483
65.2249
63.6461
36.5853
44.4758
77.9495
29.2201
62.1563
1.43066
62.4687
80.0789
98.8891
50.0542
1.36732
42.7271
96.8989
10.8695
54.3224
60.3468
82.0611
141.809
65.8424
109.157
106.617
45.4945
11.1338
76.6837
32.1054
87.3448
52.1565
51.5788
11.1108
38.8648
1.68113
88.6511
75.6052
137.195
83.2923
34.8897
69.8815
84.5755
11.1989
77.5564
117.21
61.3096
34.8825
91.7124
93.9211
59.7747
44.5524
82.5542
22.4873
80.5847
74.0806
21.1389
70.8583
47.1672
59.1201
55.4554
9.81724
94.8989
31.0516
59.0554
5.31808
27.5755
34.1145
30.3684
35.7502
36.855
77.5762
72.6558
70.5622
44.0078
47.9846
54.0661
111.052
79.1107
50.4696
71.4023
42.271
78.3412
74.9754
0.284082
37.5613
43.8778
81.4051
81.0132
39.8292
87.7363
0.277119
52.4576
75.4651
59.2722
65.6424
56.4893
81.1724
53.0212
58.567
55.8022
15.8682
32.7187
91.3656
54.7217
90.4667
35.6103
61.4585
159.118
46.9959
4.39361
80.9161
70.7145
42.9417
75.5432
82.8172
79.0539
11.3314
31.4891
52.0552
63.3234
95.3074
35.1526
23.8002
18.2308
19.8443
82.8414
4.27642
60.7398
57.4674
75.9356
51.837
74.4934
87.448
103.391
41.556
25.9072
72.0033
14.6314
126.228
67.9522
89.9206
88.0002
20.2894
32.4519
65.2711
16.3194
43.4185
42.3553
95.9564
45.1943
79.7715
3.85282
52.7176
138.322
22.5634
14.0295
23.3515
76.6063
21.4685
62.0606
85.0658
95.2952
40.2359
70.9769
144.422
MET does not have solution even after MET smearing.
The solution is returned as if Delta was zero ...
85.4947
69.3692
79.42
46.3804
64.8501
102.961
98.2387
85.0887
28.4981
65.2027
74.7681
96.8464
36.7384
25.2751
44.0605
24.9567
76.757
52.3416
69.3885
87.5649
159.056
86.3458
82.4583
63.9539
58.5795
49.6347
34.2807
48.5476
12.3318
36.2877
66.6493
50.5866
27.2202
35.8064
65.6387
24.1654
43.4722
75.4058
104.851
31.4289
63.6785
16.7011
85.7071
77.6039
18.0161
16.3524
9.08787
54.2725
29.8051
64.2017
87.6372
74.5448
17.5112
149.611
68.3657
75.6073
81.1797
80.968
74.3085
35.8451
63.6953
47.8743
22.437
42.299
74.64
73.5995
70.6172
86.2294
23.886
44.5685
20.5712
61.71
101.297
42.1585
6.59366
32.494
87.6945
18.6773
36.368
4.55679
34.3334
42.0143
10.479
74.0055
96.5629
18.7097
77.6501
61.3146
51.2499
25.661
69.3661
16.551
98.7504
71.5023
35.6347
91.7591
39.8293
57.6215
73.7959
78.8515
76.6762
10.3414
87.6982
78.1643
49.0444
60.4285
12.0473
22.3272
86.6398
90.9792
69.966
9.05495
58.7598
21.5895
44.3783
77.8125
49.9225
23.7152
4.06046
68.5221
27.5685
73.5443
81.5927
141.788
92.1678
10.3441
52.8402
81.6051
88.97
43.1944
43.6199
63.8921
87.2887
66.0132
38.3411
10.2269
44.9868
85.7305
53.394
74.3167
141.748
MET does not have solution even after MET smearing.
The solution is returned as if Delta was zero ...
41.5226
53.4809
33.6305
27.4172
54.1686
40.6666
38.0043
27.0104
100.036
28.5337
92.1319
36.1164
66.355
85.5717
63.9883
39.8789
59.7774
46.0474
41.4372
70.6528
45.1105
89.3341
27.3637
14.1425
45.807
67.475
93.3655
84.8935
92.8215
97.836
29.4832
51.0603
94.0606
119.362
62.61
67.6847
85.7693
86.2298
40.1368
66.0859
98.0307
90.8767
53.9578
45.6961
3.5524
65.837
70.1653
10.4007
78.3962
80.4421
58.646
45.1716
86.7844
71.4269
63.5876
49.7994
25.3735
46.87
66.4112
57.7314
80.6314
49.171
66.5701
45.6627
59.5406
162.105
MET does not have solution even after MET smearing.
The solution is returned as if Delta was zero ...
78.6818
4.12226
90.7573
103.837
122.167
43.2006
71.3059
46.6525
73.0429
46.6389
102.903
73.3735
78.8325
70.3287
80.6614
73.9809
47.5204
95.5694
0.263913
55.9146
69.3173
74.2357
15.0647
25.6377
41.0883
64.4135
45.5307
2.36314
35.537
30.7438
9.91585
68.3671
80.7858
12.079
71.5559
61.6597
65.9722
30.9137
28.9769
42.6643
29.8213
90.8433
83.3161
50.1848
67.0376
25.5217
96.3558
15.7225
88.9256
103.907
66.3538
97.1424
76.5304
4.35711
47.6691
73.7422
99.1516
81.1145
46.7935
133.96
48.0279
59.6781
71.4692
21.1363
104.667
64.9856
84.8591
110.292
131.975
1.30962
83.8062
6.50928
88.0621
93.3907
57.7303
107.921
84.5446
35.9396
22.967
69.8615
20.8455
7.85223
105.913
82.4426
55.5068
79.5613
9.66948
57.3558
17.4749
68.3208
52.4925
81.4969
13.0706
74.342
38.385
28.0656
82.6616
76.5864
67.0765
49.2732
43.1879
51.6141
76.6247
82.8331
54.1114
36.7287
5.42794
14.7272
27.7301
82.8414
66.3422
68.9983
63.5929
32.6457
10.8677
65.2133
15.4472
92.5708
37.5713
28.8401
55.2551
4.61869
121.133
18.022
15.2316
16.9451
83.0584
133.208
42.8481
56.3569
40.1502
57.4623
73.4145
71.8474
86.9066
72.4041
32.0899
33.0838
52.3793
73.5609
78.4755
92.7768
106.213
43.2847
76.5089
88.8013
47.8854
26.4204
105.855
1.66327
86.9531
32.6226
26.9768
80.2164
10.9341
46.7407
26.3502
60.7336
65.7567
58.9465
22.3453
18.9749
35.7759
82.7903
67.4674
78.1418
35.4147
90.1815
4.89323
84.7105
25.3058
86.5153
73.8211
79.0651
85.4453
36.6367
79.3945
88.7599
58.7559
5.24288
78.508
54.7389
6.00503
23.4926
13.7107
64.4373
11.4713
114.393
53.3903
39.8294
67.5989
68.8446
46.9055
29.1438
85.6224
45.8739
97.5434
46.1196
56.4885
38.7305
9.12078
36.0946
61.848
85.0752
114.725
0.953471
6.05127
33.431
75.8209
64.6574
33.3794
40.517
99.822
89.2169
59.0074
52.1821
102.779
97.7317
89.1066
75.8121
60.7281
67.8937
89.5468
70.7644
33.9168
85.5265
32.4842
52.1905
98.1343
43.3099
84.4749
106.71
60.8736
20.9655
57.8651
23.5748
84.9418
49.0165
11.771
11.9997
35.2433
11.3845
99.8065
104.459
45.5985
54.3911
88.1252
90.4906
6.3478
18.6843
67.9353
79.0071
87.9658
24.8892
2.66984
66.7109
49.4456
32.9766
2.59462
43.592
8.45208
58.236
83.9835
11.1413
51.6058
78.3792
45.9921
86.0028
80.1374
93.5446
14.8312
42.7121
27.2299
66.6323
47.1384
73.5831
99.9838
148.895
85.0361
12.3844
55.6048
77.0497
44.7227
64.106
132.605
69.7725
64.5016
46.1374
27.0997
70.2023
89.7416
22.5096
14.061
67.9699
113.375
67.8215
86.4019
65.6778
105.531
19.9093
47.9653
142.385
MET does not have solution even after MET smearing.
The solution is returned as if Delta was zero ...
78.2201
42.864
46.2221
61.9298
81.9933
82.4118
69.1967
20.7553
84.5975
22.2431
21.6065
46.7679
87.0123
112.123
69.9549
68.5262
71.4894
39.5282
110.899
52.7207
73.2694
91.0743
110.679
70.4647
78.7025
70.6244
77.6517
58.1147
123.445
57.1811
128.141
82.8058
114.959
33.6414
80.242
89.5072
86.1057
3.70545
77.0638
47.022
85.7799
114.877
18.9957
41.7746
41.0519
59.6837
18.2661
69.7963
72.1277
54.0914
17.095
72.1136
81.8799
28.6726
78.2538
53.454
90.2867
63.737
43.1903
21.3792
90.6395
62.2336
45.8894
37.9231
66.8545
0.48127
79.9528
81.2777
61.9839
7.43613
10.0449
36.6783
66.4371
23.5869
70.677
44.8056
69.7988
96.8946
103.435
125.265
82.3859
64.4804
78.6939
76.3666
65.4846
10.7993
88.6023
72.5779
7.97007
22.536
79.9592
109.608
33.9616
85.7258
78.9597
61.7204
3.54154
112.78
68.6675
43.5475
50.1694
82.5816
17.0106
94.078
72.1214
54.0638
69.9018
44.7099
57.1501
66.6159
77.8864
18.9181
40.0536
65.503
91.6622
18.843
25.8364
55.4475
67.2556
67.6842
102.967
72.8225
1.65578
28.7546
99.4908
71.9244
75.777
27.6186
78.8907
20.8664
84.3967
53.02
63.7021
47.544
86.0137
75.7055
54.989
70.3114
72.368
30.2388
88.1407
70.0814
10.8957
30.0305
12.5735
66.6482
54.7786
120.38
31.0045
77.0024
4.53473
25.6459
60.9298
30.4379
87.0426
69.6439
11.2244
25.4888
87.1413
2.34959
58.9641
36.3414
62.1482
77.1323
6.98487
4.45154
51.4809
67.1748
57.6206
38.049
66.8578
21.3662
91.5808
76.743
91.8971
72.0392
78.1244
49.6199
73.8504
58.3635
0.254531
44.5087
9.86992
106.635
106.106
76.9242
74.983
15.315
37.4246
12.8465
47.4076
49.393
24.6476
32.6943
2.6289
3.37532
7.03757
82.9118
7.5172
75.9984
84.7245
2.78749
1.97292
38.3846
95.4119
17.5701
71.7362
16.3692
64.8176
82.9636
48.2194
54.1479
19.7974
41.723
72.7033
26.7718
110.583
102.124
77.7968
132.697
95.4185
96.7099
71.8934
13.3473
54.7736
48.9782
131.658
93.1615
65.3646
60.0862
99.247
10.8726
59.5871
80.9099
74.5182
80.0115
85.3055
70.6144
66.8016
49.8732
73.6958
26.2587
69.3453
29.1471
94.105
75.1584
99.7859
54.588
106.595
55.3872
78.7263
70.4772
68.2754
47.2449
50.4951
86.9949
21.6093
38.2097
64.7821
70.416
94.5777
74.0404
21.4186
22.0402
17.5911
101.193
53.4915
89.4429
8.47527
86.539
22.2015
35.8615
23.4383
71.647
112.764
77.2888
58.6804
77.4868
123.281
17.0819
70.6999
23.1174
7.98978
64.6303
87.0584
76.3684
4.73814
58.231
14.87
23.0099
26.1078
71.0897
64.1313
46.7162
60.8176
28.2942
34.8619
89.457
15.3636
90.0825
142.228
47.0602
12.4273
88.3218
50.5778
19.3597
60.0752
41.2836
61.9037
83.6762
140.991
56.6275
37.6912
61.3703
7.49461
51.8464
39.7116
117.965
60.1886
51.3287
45.5555
137.317
MET does not have solution even after MET smearing.
The solution is returned as if Delta was zero ...
76.9588
37.2292
28.5997
67.2415
54.3322
30.3483
4.74286
323.829
MET does not have solution even after mW smearing.
The solution is returned as if Delta was zero ...
MET does not have solution even after MET smearing.
The solution is returned as if Delta was zero ...
75.4507
4.75104
69.5197
77.4081
31.491
51.2929
119.684
85.8476
70.045
6.10958
90.6278
58.2479
45.2875
97.2922
76.9272
67.1398
24.2209
28.4158
17.0064
68.7411
80.9232
55.1253
90.7849
93.5158
81.0942
13.7209
92.0113
56.0865
63.3761
17.745
58.0254
98.7439
122.361
17.2555
58.9374
64.3083
145.012
71.0358
60.8927
76.553
80.4204
26.3155
130.202
87.6761
9.15232
86.7413
71.215
85.5997
55.6192
80.4743
85.1596
72.4711
80.8335
35.2805
3.52196
38.248
38.245
76.8238
55.2416
39.0365
28.0429
70.3675
92.5318
60.7245
48.5493
26.3192
70.8546
4.24883
69.1277
75.5423
86.2859
95.306
69.5995
9.68609
58.6761
114.726
98.6515
135.468
74.118
46.1319
80.0696
68.5957
77.3918
78.4233
92.2566
80.7143
127.65
57.0617
91.1262
82.4037
73.9875
67.752
71.0186
74.8832
80.6219
52.9531
94.7657
86.943
127.82
68.7016
45.3723
105.187
88.2795
85.0075
30.495
89.3305
108.328
69.674
92.204
111.386
22.2886
15.6758
12.3496
55.0604
65.0253
106.311
69.7411
47.525
81.997
47.93
65.777
75.736
44.4278
48.6491
38.6259
56.5258
81.3527
16.251
74.4097
9.86868
52.8778
92.0807
103.578
46.0641
76.297
105.131
63.7196
48.4652
79.4876
11.1828
21.5503
49.3985
59.3334
56.6234
47.5942
24.9031
87.8974
54.2139
13.7374
58.3735
82.6392
50.3083
31.7467
34.7855
85.0718
33.5365
43.395
31.5332
18.5213
43.8362
42.1642
24.2581
94.1605
56.8594
61.9599
76.969
64.1473
67.7669
104.874
69.5304
66.0568
46.9189
24.6964
69.5129
88.7016
124.647
72.991
75.1682
119.979
65.4623
46.7984
65.6693
63.6215
103.937
92.5265
7.84636
1.18173
82.6909
64.0456
12.8614
22.87
58.6759
51.4251
74.1408
2.2526
40.9078
9.8006
3.0644
74.1187
6.53128
79.9597
37.7714
76.7015
14.9836
23.8061
50.8122
18.3128
85.3519
15.2036
41.2309
125.847
61.5982
90.8316
55.3628
76.2123
67.744
93.5545
72.4238
69.4367
47.7922
69.5302
62.4289
40.8491
67.177
7.28107
53.6988
63.4497
82.6861
71.3237
37.3496
47.0052
80.2
16.6985
75.9322
51.45
62.5115
141.176
MET does not have solution even after MET smearing.
The solution is returned as if Delta was zero ...
18.305
56.9768
96.1395
91.2701
69.5475
78.3464
89.2573
67.7097
31.2914
91.6726
96.5218
52.699
12.3723
102.212
26.2302
49.5199
71.9528
82.4729
66.1677
54.8142
19.5094
93.6434
90.5642
117.847
41.0988
17.6936
65.2759
51.5677
60.6403
79.9638
31.3136
48.944
23.132
62.2701
80.5343
36.3179
110.753
105.056
80.1121
58.0489
184.033
72.9185
46.2545
29.1546
99.3376
95.6513
72.5712
74.3078
11.9776
77.6475
70.789
37.7407
69.9568
17.285
121.168
82.7119
10.4203
55.0842
128.205
47.6036
75.3829
108.636
50.5783
81.9167
57.1308
62.0301
62.6213
118.712
82.0291
72.6428
104.888
4.50939
114.188
90.8458
65.746
11.3597
58.5097
10.7132
6.10648
23.1533
79.2609
93.2528
39.9322
33.9679
56.563
53.319
77.7085
46.1501
49.8409
30.2638
80.0949
23.4432
16.1348
90.1986
72.1736
30.1682
62.0582
41.8489
74.7473
64.7531
104.914
95.4836
10.42
81.0016
55.2266
105.474
92.5667
3.97311
69.4445
93.2407
103.908
50.2035
75.3708
64.5908
76.7298
25.152
83.9604
49.918
5.44108
54.3748
24.3493
58.8397
56.0262
94.5475
52.4584
64.4809
4.87636
2.63494
16.5703
45.323
51.3675
28.1981
50.1032
70.6942
54.3817
68.997
15.135
99.4596
18.0623
41.8524
99.9006
96.8477
27.8573
55.2685
7.43303
89.418
79.6374
34.468
4.18684
46.3848
40.6608
116.167
50.6877
81.411
52.1278
71.8113
7.9049
22.2357
82.5891
50.0221
48.0373
57.2692
79.1583
91.2235
55.468
11.9668
58.4379
120.129
53.3539
72.8624
86.9945
64.6526
39.2186
84.6375
12.1812
86.615
70.6644
31.0255
58.1136
10.6431
51.7462
126.725
18.897
66.7713
29.074
77.1838
81.3694
6.34016
70.3693
77.2011
8.34922
32.9717
80.513
33.1499
69.1761
73.5775
49.0383
39.1657
59.7858
80.6074
49.5571
48.1454
75.2834
44.4729
59.4456
29.3824
58.7915
74.879
86.6898
64.5777
26.563
86.8643
79.0771
87.196
61.1786
71.815
15.4555
57.4218
77.0256
33.9688
15.5247
104.186
86.5555
90.3095
61.8782
97.7161
15.0678
61.621
56.9525
98.9524
128.182
87.2748
65.4455
36.9393
42.14
101.757
60.7373
27.4101
69.2264
74.6211
28.8202
34.1064
73.8676
78.9011
47.7362
49.4928
15.6313
53.0082
87.1475
76.5814
58.149
27.7682
62.2661
82.4668
182.33
64.7343
43.1099
86.6162
32.9073
153.384
31.4072
117.298
51.1618
80.9535
40.5133
62.247
76.6805
84.0146
42.762
19.628
60.9567
64.6332
12.5002
81.6029
59.3956
15.3033
4.72915
116.041
71.4913
66.3018
74.523
71.6366
5.59384
90.2058
83.3145
72.7687
81.1988
6.93729
65.6451
75.7866
1.57927
58.5518
122.404
55.9138
26.9976
62.7998
50.9009
68.3039
72.9813
44.5688
127.382
MET does not have solution even after MET smearing.
The solution is returned as if Delta was zero ...
51.0002
62.0112
79.1679
65.3028
9.44787
21.5779
27.8008
113.509
112.088
74.0013
102.127
87.5772
15.8363
19.4098
74.494
112.677
63.0734
51.3924
15.8154
22.4557
14.8504
56.111
27.5675
21.6294
52.6552
38.3549
95.0147
74.7624
12.6707
47.7954
98.3596
55.4547
65.3471
72.289
62.0877
46.3544
71.4989
93.1353
86.8015
55.8051
49.0692
96.1379
81.807
31.1919
39.6511
25.0118
39.9783
58.9201
67.8603
16.371
41.0329
68.1177
69.3163
98.3553
19.5028
52.5562
3.2244
96.8869
136.047
MET does not have solution even after MET smearing.
The solution is returned as if Delta was zero ...
22.9795
38.2608
6.30639
87.4874
38.2819
93.5014
65.3791
64.1894
43.9473
4.58311
79.577
70.2133
69.9961
75.8652
68.1732
70.2776
70.2194
79.6027
74.8425
45.443
83.8151
43.0727
60.8672
86.0632
50.8824
31.1798
118.797
74.6649
68.8763
52.5864
97.9678
21.4311
35.6329
48.3659
90.3999
29.5236
48.7384
74.7866
9.48372
54.4878
20.9815
78.5724
82.1375
53.471
83.7282
67.2193
82.832
42.1684
105.396
42.8347
48.1276
68.5122
86.2555
70.3516
54.7126
41.9174
44.3233
63.3416
45.031
68.0216
38.8825
71.6071
44.644
21.1954
51.1312
55.6919
74.1205
94.7074
101.086
86.3461
44.9316
23.8347
15.0525
22.5733
3.17911
95.0401
83.9678
96.4695
55.9266
62.739
55.362
49.7599
63.2655
57.8101
67.0333
52.6552
26.3747
49.5955
12.9675
33.2378
74.0438
68.5144
75.0893
69.1301
52.2708
67.1734
49.3985
2.1813
64.7351
78.2726
59.9417
77.5983
80.3144
4.88186
101.758
68.372
23.24
21.8658
107.27
12.7841
10.6425
83.4731
35.2101
52.0712
75.3862
88.4495
116.454
75.8279
45.8936
74.5651
49.48
19.0659
82.1403
42.973
88.6089
21.0128
58.4991
65.7387
54.2192
70.1492
11.0553
59.3379
98.4798
39.9423
43.126
77.2906
84.5421
47.1516
86.8767
54.3948
55.6902
57.6763
3.01813
76.6542
74.0798
44.4911
22.9696
46.1457
119.551
60.1982
5.37435
30.4103
17.835
102.636
3.22399
71.6942
58.6135
47.4211
86.4112
85.3456
78.7015
27.4275
88.3152
60.3306
73.4523
32.543
82.2518
81.1022
72.8919
154.535
MET does not have solution even after MET smearing.
The solution is returned as if Delta was zero ...
17.5439
54.8578
93.7333
95.2562
103.393
23.5813
10.8271
8.78318
27.3024
17.5084
57.908
22.8026
96.8745
36.0402
33.2285
0.0769412
9.609
62.7352
21.8071
66.4397
29.6003
48.9324
23.3224
83.1065
9.71271
3.4362
81.9372
32.4081
47.6234
109.065
102.359
30.3875
51.3763
54.0943
81.6226
82.776
144.725
57.5704
120.731
77.009
82.133
104.43
30.7238
23.5751
37.6741
71.6446
57.1325
75.4243
2.45132
26.2348
73.4548
79.4436
92.9613
88.3782
105.818
3.57264
54.6513
36.6941
86.3212
46.4431
87.0801
92.4168
59.3564
51.4988
92.938
83.7423
3.8894
53.8219
1.80708
94.232
73.7512
91.2456
9.79029
9.25073
0.887478
137.781
100.054
63.0635
100.245
69.4464
7.70058
80.2589
8.55248
132.993
53.7841
87.9553
5.65321
74.0705
67.3841
44.5673
65.0164
22.5649
16.8967
45.0955
2.96515
134.683
MET does not have solution even after MET smearing.
The solution is returned as if Delta was zero ...
67.8041
102.325
19.3954
69.5578
44.2158
27.5626
60.3563
12.5005
41.9377
83.6425
87.0366
70.2561
35.1477
48.994
40.3174
7.49513
77.4991
27.751
31.6147
52.1763
109.002
72.3474
54.7668
61.2392
70.2915
64.5399
7.16479
19.2793
74.6061
127.748
27.0161
4.48788
96.0202
56.9132
24.0609
50.7264
76.3027
4.69721
48.2913
61.2745
79.6826
7.98978
41.8535
84.3402
100.202
13.1785
56.1891
70.449
7.38311
86.7351
79.8241
92.2531
38.9452
51.4309
56.7339
21.7823
81.0537
54.9075
29.9418
56.4344
68.7406
16.7622
60.8513
40.304
73.3977
101.245
23.7919
27.5713
92.2278
51.4409
82.3378
40.7783
63.1046
46.6613
90.5501
78.876
94.3032
85.7807
113.645
88.595
92.6126
46.9405
25.5907
73.0542
47.3405
70.4628
57.6995
58.7712
57.849
45.1753
66.3933
1.81441
46.9091
65.0942
41.9603
109.273
1.45836
103.147
88.3467
71.7289
67.4323
25.0742
56.7699
36.015
46.3158
73.2976
64.2467
15.6621
76.5774
67.9741
11.2875
77.4332
62.9712
50.1996
40.6958
43.0958
65.2086
67.4533
57.9456
73.4984
36.6225
82.8123
82.2699
53.564
99.2904
45.4522
163.035
38.8315
25.3782
78.9796
80.2456
12.6189
63.7887
135.529
74.3673
36.2037
66.5063
76.3191
34.6577
78.8289
58.9827
55.6956
38.2277
66.7105
29.5425
63.0157
31.621
38.5255
80.9288
60.6514
76.0658
68.4767
57.2109
67.2527
72.8195
45.38
99.7135
8.31927
57.7098
39.9705
39.6743
73.2887
0.752003
68.2799
49.2904
67.7213
72.4685
48.2129
52.6348
73.3187
53.0053
97.63
38.7443
46.2899
104.47
58.9225
105.441
44.078
45.5324
76.0706
31.3657
21.662
62.4322
111.592
41.2787
55.2253
85.8928
76.194
5.37035
58.1397
121.118
75.2291
90.1019
111.458
74.9019
39.054
89.5417
105.648
68.6922
76.3035
84.7437
39.3239
124.392
62.5528
27.3872
44.7922
34.6203
79.0113
17.9583
23.7558
87.819
86.4333
18.394
49.1884
58.6372
31.8228
46.3277
63.2402
69.5589
81.2374
32.9767
59.2492
93.7268
84.1982
52.8697
81.0418
58.8334
87.8433
62.1229
78.4144
2.29955
15.5693
91.4766
76.5791
77.7633
81.0763
76.0728
99.4279
48.877
80.1025
51.7335
73.7793
20.9736
74.8371
65.9591
77.8485
99.1828
116.82
47.8712
9.73208
67.1936
137.026
106.66
17.8175
31.2668
57.0152
78.2207
70.1836
70.5908
75.9538
56.375
75.8141
90.4981
62.8274
43.1761
93.2922
126.781
67.0216
94.357
31.4915
34.1063
25.5211
131.554
84.1375
65.8572
57.1909
19.4942
64.3785
82.0045
16.3105
59.9639
57.8763
23.3218
42.5665
63.5765
88.6286
23.3614
58.1097
32.1294
91.5392
2.37988
85.3171
46.1937
70.4596
26.6898
50.2932
37.9251
153.43
103.443
32.6776
43.657
0.794419
2.14033
11.3954
117.676
58.8547
68.6444
28.1823
29.9387
84.0735
98.96
18.623
9.03141
77.0784
66.9126
51.319
48.2482
67.999
113.978
73.7835
50.8328
3.58292
87.0349
12.2586
48.4
79.6859
18.5432
105.04
39.7599
117.399
72.5049
82.9307
79.43
71.052
89.8784
47.7199
81.9146
33.4328
73.3016
16.5542
58.1276
60.9867
47.3067
69.4657
76.063
22.2681
83.2363
68.9672
76.0155
60.409
51.6412
58.3077
54.4824
36.1047
131.581
3.03198
67.5721
58.1577
9.7759
83.8434
75.9167
91.3184
83.8651
54.2263
87.8902
40.9799
97.4515
20.3581
47.4348
6.791
82.892
84.87
85.3783
54.3763
46.1941
59.763
50.9511
88.4748
87.2942
101.369
82.8389
80.5361
67.9466
112.45
105.192
53.9267
53.3785
109.051
41.7882
87.3877
51.9459
17.1407
86.0138
47.5064
59.1197
48.2586
26.1142
76.6061
34.1156
84.2564
92.4836
85.9638
67.7068
58.3781
89.3535
45.5341
37.387
54.3798
48.7765
82.5774
59.8396
14.2639
51.4144
93.1337
73.3327
80.6477
18.7811
63.7128
99.6579
63.4784
69.5499
79.5078
11.0374
14.5765
9.83775
60.5243
73.9678
107.812
79.4411
0.806995
62.1237
54.3421
57.2226
53.9371
76.4759
170.817
MET does not have solution even after MET smearing.
The solution is returned as if Delta was zero ...
74.6359
60.9167
35.7714
78.1502
72.1196
62.3451
93.0151
53.1792
98.5319
85.8701
74.8486
90.836
108.808
50.8872
96.4018
60.9439
63.9813
78.9245
86.5954
15.4334
104.527
78.8911
41.4607
8.06678
29.3175
80.0264
73.7909
24.6638
33.7722
55.0701
49.79
11.4173
97.2957
50.887
9.87198
43.6921
84.6047
33.786
38.6465
67.9124
55.8943
72.2048
13.2829
83.1866
90.8918
59.7496
35.4812
86.5217
42.5702
124.561
63.2437
51.1011
53.9732
62.5552
70.7106
24.5602
81.5544
16.941
47.3435
60.0569
54.6636
54.9838
44.3193
100.139
39.724
25.512
6.80609
89.2718
49.4161
18.2514
40.3189
51.1633
34.1142
64.9297
33.5216
54.2795
91.3163
72.8538
117.856
93.5964
48.2266
68.9014
30.7379
35.2076
75.6517
14.3476
57.5761
58.7159
87.455
45.7406
96.5852
87.9139
47.4444
104.246
98.7488
77.1068
6.79565
68.496
102.059
94.6609
68.4715
59.1548
58.5343
100.416
113.361
49.2243
79.3016
16.8476
150.787
82.6176
60.2059
129.676
MET does not have solution even after MET smearing.
The solution is returned as if Delta was zero ...
25.8138
114.189
78.2304
107.147
50.2237
47.7862
88.472
102.925
64.588
43.8731
12.1442
24.6832
38.4543
65.3932
93.0194
83.832
85.0587
79.3477
89.1149
74.3167
86.5293
43.7792
108.914
50.84
114.4
54.2634
110.372
7.78985
124.263
100.849
81.2394
62.5593
91.1326
7.54315
54.9269
67.9042
77.0076
26.9024
27.2999
100.075
97.074
87.5693
22.2815
92.4107
69.5085
89.1615
82.5322
79.0793
62.0165
31.151
65.0084
85.8564
31.9321
53.3105
13.838
19.4076
2.96716
6.68157
59.5943
57.6247
57.9046
83.14
21.5879
5.21282
21.9145
85.2434
68.938
5.69963
83.7604
89.4663
65.3745
99.2473
73.9833
42.1272
54.4278
59.3824
13.0699
76.7097
94.7946
60.6913
84.9939
68.5784
86.6529
30.9191
3.74566
23.7168
21.6528
31.4159
21.8939
49.733
36.6418
24.2014
120.913
MET does not have solution even after MET smearing.
The solution is returned as if Delta was zero ...
33.5842
84.2439
0.645521
62.6075
71.4391
68.9067
23.8894
66.3727
14.325
2.70377
72.9924
77.5929
21.9829
77.9612
53.2517
38.9241
26.5041
45.3497
64.3375
55.7646
62.8036
69.339
72.546
101.148
19.18
73.673
89.2634
96.6745
34.1883
82.6232
40.8312
67.6409
123.793
109.583
85.6578
63.3252
65.1728
74.7052
27.6768
82.816
75.1245
56.3193
160.585
MET does not have solution even after MET smearing.
The solution is returned as if Delta was zero ...
20.6748
74.0787
51.2011
54.9679
57.7881
61.3083
67.4572
12.824
89.8319
85.7851
82.9234
37.5433
68.5773
66.416
25.6761
51.0472
27.129
45.2017
73.5954
78.6966
26.3992
17.08
88.2227
148.394
112.822
74.5419
92.6038
59.6944
31.5446
66.8336
3.45116
6.85429
103.172
19.4428
55.4227
83.6334
12.0189
16.7094
119.537
12.0009
40.2536
67.5424
71.8638
35.8873
71.3393
12.2632
55.9728
81.401
94.0174
8.06537
55.9334
63.9529
127.585
MET does not have solution even after MET smearing.
The solution is returned as if Delta was zero ...
89.4129
0.0127667
14.2951
72.8976
52.5225
72.4905
74.4002
10.0926
0.646868
98.8922
73.8135
38.858
77.6345
43.2983
51.9189
50.197
5.5928
69.2445
49.4166
102.27
64.6395
71.2194
60.6462
63.916
93.3499
82.4925
81.2537
124.914
MET does not have solution even after MET smearing.
The solution is returned as if Delta was zero ...
52.7715
28.1682
69.1203
84.4999
58.5901
128.501
81.7359
45.3456
26.4076
66.1869
41.2921
45.593
88.3369
93.5466
75.8738
58.0553
61.4022
15.125
92.2433
108.419
52.6976
110.923
62.419
98.4145
13.5661
92.1856
82.4316
69.6222
49.7401
12.0183
115.988
48.7885
123.989
22.7727
93.4467
48.9972
90.2759
65.1578
66.9264
17.3208
60.6164
71.2011
100.702
29.4449
7.48459
88.9796
72.7836
84.8444
70.3468
84.964
45.5933
82.5988
66.6659
76.4536
79.4676
6.75626
76.8029
60.3455
28.7901
44.6953
52.2828
84.5036
65.1353
77.0997
84.9475
59.9694
77.7326
53.7585
97.6801
108.352
49.6567
32.17
18.4801
49.0352
31.0364
89.0108
158.887
MET does not have solution even after MET smearing.
The solution is returned as if Delta was zero ...
128.808
121.862
98.545
43.456
61.6172
12.3418
64.863
27.9296
27.2013
99.7906
25.8042
57.7829
60.9095
81.1207
6.99103
83.3845
21.1396
129.743
81.4025
32.2071
45.9346
63.4402
72.7618
53.0356
68.7301
52.8585
79.3251
64.887
78.8059
31.5008
56.7974
49.1468
65.6129
103.069
70.3106
26.4015
86.3328
76.0369
96.8752
72.9047
86.6757
17.2169
40.6116
34.7135
57.8749
55.2095
16.8949
29.3072
76.0275
117.176
83.16
90.4044
70.8503
77.4996
50.6321
90.5143
34.5938
62.4948
22.5372
28.2603
98.2526
44.074
15.4534
95.8404
90.5561
5.68021
30.2882
9.63834
44.9327
99.7128
65.1532
55.2069
104.326
57.4198
58.0535
107.463
24.1042
59.1579
72.2067
74.1986
125.859
46.1863
89.9763
10.576
80.2096
4.21472
21.6192
12.8911
69.3144
1.63979
107.02
92.9542
74.6478
104.726
62.3177
52.5605
161.844
MET does not have solution even after MET smearing.
The solution is returned as if Delta was zero ...
86.3872
55.0435
61.6423
33.6935
48.5249
179.244
MET does not have solution even after MET smearing.
The solution is returned as if Delta was zero ...
79.4725
90.1154
36.9398
34.4284
20.265
51.0924
60.0472
65.6041
3.50181
33.5585
59.7403
56.5052
90.6273
79.8041
79.4799
81.5609
170.157
MET does not have solution even after MET smearing.
The solution is returned as if Delta was zero ...
76.7388
45.34
50.97
73.1671
45.3389
70.3026
66.7413
8.371
79.3879
52.7307
81.721
178.932
52.132
64.2717
74.5078
85.6957
60.0497
147.539
MET does not have solution even after MET smearing.
The solution is returned as if Delta was zero ...
215.117
MET does not have solution even after MET smearing.
The solution is returned as if Delta was zero ...
86.2601
84.6583
3.77352
72.3162
70.749
75.6797
80.1934
84.8293
89.0728
9.40598
62.1472
86.785
32.8933
45.5945
43.7971
56.7341
11.5961
49.8661
40.6197
39.3344
55.0894
28.3505
34.8217
59.1899
4.75812
132.896
77.5307
111.588
57.5623
12.3902
113.613
94.639
19.6548
35.6235
75.9637
60.9304
26.4726
58.7152
78.73
52.5384
82.8605
85.1835
63.3628
111.69
23.6076
220.766
MET does not have solution even after MET smearing.
The solution is returned as if Delta was zero ...
75.1706
67.732
50.668
69.4648
92.118
83.8765
49.0491
51.9238
104.727
28.4453
78.0175
13.3447
79.0339
74.8923
81.7622
63.4919
69.1097
64.7337
26.0026
72.5266
64.9288
79.8165
72.0628
38.7365
72.4007
7.8914
40.3992
72.5643
121.381
10.9429
86.33
48.5343
58.7822
124.801
29.8825
87.6101
20.6749
57.2048
69.8387
35.6615
24.5446
54.3158
72.6783
69.7221
40.3411
75.1681
97.9134
97.1483
115.326
11.8558
28.2878
115.03
63.6044
76.8296
40.5222
63.3383
75.267
46.7026
97.3548
37.6035
76.5977
0.63999
86.3925
38.5059
102.376
30.1159
78.2819
7.78329
73.7701
73.3674
44.0165
53.0656
68.828
78.4152
80.5267
32.2595
54.4769
91.7053
56.997
54.7419
0.598407
81.293
76.6923
95.6775
48.5868
50.6927
34.5626
75.2939
72.936
56.0701
135.585
11.9408
11.4623
1.51472
61.709
33.4735
26.7513
83.0588
24.931
19.3183
135.859
35.7617
106.225
23.2151
83.3727
63.2576
67.2054
157.888
125.876
65.5837
45.4326
0.998599
41.0987
75.4359
61.5249
47.8708
59.0826
57.5196
22.2143
56.783
52.4647
48.7297
10.9562
9.09864
51.7061
44.0439
62.6849
83.9457
107.662
91.6129
71.0842
41.768
74.5484
56.7562
58.4285
68.7677
71.9689
81.5782
45.1855
128.116
75.7988
68.0406
38.4387
65.8415
55.8888
92.6087
2.31737
108.469
47.402
35.5073
42.5781
12.0542
31.4298
41.8835
80.0976
67.44
66.1144
69.71
77.0577
19.1454
74.2876
22.5634
55.4799
68.5874
72.1409
60.7876
103.484
69.5374
84.549
97.2062
25.7592
90.1432
88.8814
33.5916
137.656
74.0347
74.6284
63.1618
75.6252
46.8033
66.5426
79.8651
24.5948
24.3938
77.8969
49.1567
80.1499
58.2806
92.6649
55.2075
45.0763
3.37801
94.2465
39.6117
87.122
38.8298
70.2258
83.4696
94.2889
76.9282
50.0383
74.607
79.4863
80.3004
87.3675
53.6503
83.2535
85.3417
5.85943
30.9514
54.43
21.3354
67.7931
67.6428
55.4751
34.6893
97.8906
77.1339
100.351
81.9233
2.49876
12.4196
71.9696
25.3666
81.5729
60.5451
72.5859
106.271
65.552
3.41312
42.2966
30.9126
109.337
28.9976
92.5964
90.0601
23.4867
78.1727
45.2301
43.3716
90.6388
25.4257
76.1408
80.0463
46.3724
22.737
80.096
39.2103
57.6871
64.9612
77.3317
13.3693
12.6662
73.7503
63.0236
59.7411
73.7351
14.6175
11.489
89.8843
24.3155
87.345
2.45061
5.12255
58.818
2.26559
62.3051
63.0771
76.9628
15.1698
99.3227
95.3057
107.917
67.7361
7.50352
19.2646
82.5848
48.4192
83.5319
19.7329
108.486
51.1545
85.8237
79.3831
122.909
72.2696
99.7867
82.4409
5.52033
86.5887
79.4672
79.4537
46.2076
59.3712
28.7803
61.0294
18.2913
2.75617
165.083
MET does not have solution even after MET smearing.
The solution is returned as if Delta was zero ...
21.2605
64.0954
49.4129
45.6651
70.4342
97.4845
60.6204
46.1589
102.091
11.7177
78.8965
68.5254
27.3601
90.8126
107.835
89.0179
73.0872
79.4577
53.7894
78.0113
68.2796
70.8441
34.0542
30.7738
59.4294
52.7129
76.9669
34.4736
63.5297
87.0052
44.185
79.7858
74.248
56.733
36.4231
14.7129
7.53761
76.7534
74.23
6.12521
63.7766
55.4595
59.487
86.0925
85.6318
101.437
91.3343
2.47826
78.6896
97.0662
7.65191
44.5015
11.3519
114.386
10.3896
80.0142
59.7479
49.1365
43.2881
97.0156
50.991
5.09196
15.9147
48.0277
80.1131
99.4936
0.696952
58.5261
47.1306
108.733
54.6407
65.5075
66.7924
41.4187
101.858
50.1628
22.6558
30.9047
75.4397
105.584
66.8763
20.2876
74.1145
72.512
31.8413
35.6019
61.4552
73.2678
86.7943
60.5519
51.0659
74.9728
77.0183
15.3881
73.8753
24.9104
6.99968
51.3708
76.0148
51.6888
21.7763
48.2501
5.01873
136.36
47.6072
29.3963
69.0614
118.13
59.7789
51.6778
81.3151
68.9217
44.1348
84.2387
80.7331
71.0117
52.2236
85.3249
79.4149
69.6505
80.215
35.7018
18.1918
44.4824
34.4443
63.6831
26.7406
107.84
78.5582
73.3582
91.8522
96.3408
71.9338
44.8948
92.6758
47.3412
11.8171
53.8794
62.3201
58.4991
58.3689
99.2273
2.65979
98.0044
10.8282
67.0771
26.4726
61.3124
17.0413
96.4992
110.739
36.3542
70.1306
83.5042
33.2155
40.7657
77.1082
54.4227
65.5341
68.9094
42.1312
24.5128
58.6324
11.7568
8.82323
80.0157
105.112
68.9927
55.4815
105.348
38.4993
95.1834
70.9903
53.1793
80.2882
43.5207
65.2775
50.2178
76.9254
113.069
91.917
85.2083
82.616
50.4295
51.5906
2.01493
83.7931
0.7536
24.0763
30.9287
113.251
42.7986
44.3367
61.8828
67.1251
40.503
82.5161
89.7896
75.5945
88.2434
39.0184
71.6551
113.838
91.3363
100.04
65.8684
99.3911
75.4081
24.0247
99.4015
82.4793
18.1923
69.5503
4.1541
50.1742
98.0027
43.8127
43.1556
42.1912
54.294
91.8133
76.7407
68.253
46.9368
121.395
22.863
103.326
61.7503
97.0513
91.0024
9.73437
32.1659
90.7856
47.4833
2.41293
54.9209
89.2977
86.5364
74.6695
31.1513
55.3912
143.363
61.2295
46.945
84.8235
77.7314
104.871
77.5192
82.621
68.088
68.0497
62.4697
47.2573
78.1633
17.2983
79.4989
54.1675
37.6069
0.671541
60.7726
92.818
30.2782
106.582
24.0046
71.6213
7.48417
64.3838
83.6428
81.6976
38.4979
12.5258
69.2986
68.7041
97.7353
78.4379
71.6352
84.9081
69.1051
27.0461
40.2242
79.9321
75.7641
49.0113
36.2353
83.3501
70.9524
91.964
77.9981
82.2299
83.081
2.12616
35.7136
4.67721
2.77675
45.405
62.9882
87.3836
16.0145
58.1737
58.6723
59.8328
15.4415
97.1325
12.9286
2.58947
22.8779
65.2124
56.2142
41.7804
10.5976
92.4261
38.5123
74.5191
85.3118
57.2425
25.2184
89.9225
68.2201
28.6398
54.4288
139.523
100.698
13.1701
71.1232
36.1495
63.3165
64.4586
66.2245
79.5899
33.6653
54.7052
75.0768
64.1208
35.9382
46.32
44.1758
93.4098
66.0131
87.396
11.8478
122.926
66.5721
46.9328
104.992
80.1434
72.4871
22.1801
1.46803
26.3512
109.119
68.5757
56.5286
55.9235
21.8748
71.4575
40.6855
0.106354
3.66119
41.0516
71.4554
52.794
36.0265
47.4537
20.819
15.8442
108.74
95.6671
119.34
81.8796
12.9765
52.6431
69.2591
41.465
7.48872
76.1439
46.6968
56.2191
8.00106
41.2594
0.703926
80.06
46.0689
138.817
MET does not have solution even after MET smearing.
The solution is returned as if Delta was zero ...
86.8291
59.2528
102.987
53.8397
13.1577
0.386348
107.627
63.3312
5.10152
65.1383
49.9407
102.288
49.646
70.0034
99.3105
108.801
45.6124
48.9053
45.1468
106.926
32.9676
7.19395
77.1985
81.6671
100.945
75.8397
103.872
49.3655
49.7743
122.934
56.6671
100.891
85.9135
77.103
15.5229
6.32633
72.3486
50.8216
62.0163
89.6153
14.832
48.0459
24.8667
99.1339
84.8203
0.181836
77.3077
48.2875
9.44158
83.2221
37.979
52.3281
59.083
110.033
78.4009
61.2044
60.0656
59.1157
86.1697
16.6303
44.9672
62.1046
80.8605
61.6986
84.2631
54.2887
68.903
84.5272
18.8528
77.2342
109.941
11.9313
98.6832
51.2374
16.333
84.9388
102.693
100.962
22.2182
87.8655
4.86601
94.4154
13.0311
11.5443
14.2144
69.2382
129.564
66.0058
86.6905
19.2616
54.7777
61.7379
12.7088
70.669
131.053
79.7128
47.0125
56.6734
65.3264
63.7683
89.2417
47.9305
37.4968
56.155
2.12081
84.7372
79.6059
54.3222
71.0309
52.0004
54.4445
77.3947
55.191
46.3669
85.1479
0.208567
11.5882
43.0535
101.191
5.74017
73.8574
5.51533
52.2385
89.0717
60.4105
27.0204
57.8055
87.3746
73.938
62.8536
91.6993
63.5625
40.2856
80.2374
78.8007
64.7603
5.01817
48.6001
38.3112
117.947
77.0405
4.91874
72.1221
49.1249
46.3707
63.1067
84.5665
9.54906
89.7054
75.4343
63.6787
68.4156
79.4061
36.1587
30.8432
41.9676
72.7732
60.8665
32.6189
67.7454
104.068
25.864
75.2809
43.5582
85.6898
72.5289
22.8199
20.2957
75.674
70.958
86.1341
93.4405
34.1444
19.7355
43.0922
13.2707
71.4345
38.3209
11.7453
25.5394
79.0549
65.1424
76.6524
84.4052
29.4776
47.1932
3.90809
62.7358
66.9273
72.9727
66.8952
27.4637
43.3874
74.4146
58.4702
83.7629
41.409
69.5937
60.5691
68.8782
76.6907
52.7505
104.939
36.6451
81.5904
4.86545
7.18307
12.4602
79.2168
112.297
94.4463
33.1284
41.7352
88.9222
53.7605
74.0875
85.4507
20.7629
20.9181
91.687
55.8553
21.2436
17.4976
71.4171
46.0125
40.3701
38.4997
73.7695
1.00579
48.7945
82.757
116.242
7.90159
63.5455
20.4527
54.4569
41.2348
72.4009
61.2153
81.6817
67.8282
29.1883
75.222
73.4912
63.8996
93.3401
88.2106
63.4027
48.1723
50.256
64.285
68.8399
47.8683
77.8449
35.9927
77.1782
82.2414
80.3113
82.2851
39.3169
4.00332
74.7568
31.7804
77.3897
123.276
76.7162
69.1266
61.5852
88.5672
93.9099
73.8493
35.9796
25.8101
2.20412
3.70972
105.14
78.0721
47.532
53.6032
65.254
31.4351
82.5736
63.522
22.2754
78.6837
25.9629
47.5809
14.6594
11.6012
40.8509
75.0608
73.5453
27.5695
46.0747
88.5507
88.5984
38.715
76.5138
12.386
58.8735
107.588
30.7449
102.115
42.5519
100.378
122.979
88.0374
82.6542
79.6732
87.2367
76.8383
65.5699
40.6985
108.365
22.17
19.849
68.573
13.3608
70.1435
108.947
104.438
67.9966
33.9749
60.1013
20.3387
81.5196
62.9718
40.907
65.5172
81.4719
80.1996
40.0403
77.5038
59.8623
45.735
50.1757
58.8799
42.4471
100.237
121.292
73.3611
57.008
35.9657
66.2763
79.3123
47.4189
57.9822
71.8249
57.746
56.9439
20.346
97.5845
31.3053
98.0041
83.8068
80.1182
47.4739
32.3552
37.0925
104.452
45.9733
81.4117
46.5512
34.8708
81.2756
70.9762
70.8097
71.4609
25.5837
87.7947
8.21153
81.9112
56.6754
4.85274
84.6253
86.7457
96.664
17.1488
63.7272
76.7952
86.6485
86.135
59.7633
92.2141
60.152
42.1268
39.95
103.685
60.8017
53.5924
88.8246
57.6728
86.611
93.3908
77.1125
29.5481
62.0991
80.4234
24.9131
25.2962
75.3092
73.2427
100.677
26.3182
5.37541
70.0371
69.5523
95.1293
63.0447
59.8023
10.6743
37.1395
54.8593
67.1136
31.7408
59.8774
61.0275
44.0149
34.0538
83.465
112.121
98.5407
3.67616
40.6679
7.85197
57.0707
29.8593
37.1792
84.3286
91.8812
49.7681
22.5516
44.1649
78.3794
38.5309
66.7798
86.5698
75.4183
77.9391
119.082
75.8971
6.39333
80.2724
87.8825
77.3809
45.2052
60.9439
61.5576
41.7255
77.1715
54.0777
74.2692
43.2328
64.7975
86.0903
31.6789
74.3653
37.0307
147.993
197.289
MET does not have solution even after MET smearing.
The solution is returned as if Delta was zero ...
54.4245
84.0605
54.8852
88.2579
70.5881
42.2605
53.4533
40.2927
22.908
82.6245
107.387
461.273
MET does not have solution even after MET smearing.
The solution is returned as if Delta was zero ...
41.9101
85.6825
101.224
58.5162
76.5508
74.79
17.7823
65.8948
71.7909
40.7628
77.5305
68.3501
69.6465
32.9665
80.275
26.1841
114.489
64.8884
72.7629
52.9613
86.2962
19.8718
60.3742
57.9036
68.639
30.6944
75.3056
100.512
75.466
79.744
29.6992
55.6871
8.95979
49.5623
63.0729
48.3898
76.5158
14.1846
49.2006
52.313
75.323
87.6853
1.89884
91.1343
60.6619
44.6466
79.1945
70.5951
9.63487
12.9277
77.0199
35.5089
1.998
55.8579
13.3771
98.5608
6.45086
68.3537
24.8048
64.8453
44.9057
63.3528
90.3962
70.7906
95.3083
45.1806
60.7526
84.5242
11.8372
84.0774
83.1131
71.7224
52.9835
71.1559
94.5146
53.4765
62.0538
15.9691
29.3646
38.5538
77.6503
46.7122
25.0992
81.4561
26.7281
62.5587
24.4478
85.6441
48.6752
20.7199
75.3438
62.9451
47.1387
51.7904
64.3102
29.5005
52.4477
39.9436
45.4997
93.2024
69.4745
94.8025
73.6444
85.7459
106.943
69.0327
172.044
MET does not have solution even after MET smearing.
The solution is returned as if Delta was zero ...
27.0276
62.4604
10.7412
66.6951
19.8002
76.5763
24.2699
39.891
79.1743
110.042
79.9408
39.2931
97.8824
12.5603
57.3289
60.0589
63.0845
96.5729
82.415
60.5019
21.1687
74.0093
87.3655
82.0694
109.762
10.3104
85.0468
59.7277
88.3398
2.69799
139.366
59.9185
61.6429
87.7387
71.8747
87.8337
67.4092
54.7618
1.79642
66.7863
96.5632
85.4397
83.1921
67.0127
64.2581
79.2202
59.5684
6.32971
30.5708
29.4811
64.2117
7.81072
79.2938
78.5223
79.5136
23.4599
70.1198
4.863
40.9516
85.6126
85.7847
85.8513
59.5906
57.4147
126.383
MET does not have solution even after MET smearing.
The solution is returned as if Delta was zero ...
81.2702
4.79154
16.9645
112.098
51.8214
63.9988
6.18551
70.6689
0.0540758
96.8014
84.8006
78.6257
96.1831
127.473
78.5136
65.7044
88.7573
101.323
10.7666
91.1454
54.5243
56.511
72.3156
36.6756
77.7788
57.1336
44.0284
56.7928
90.9707
71.1621
57.0019
84.4387
35.2585
68.2738
53.7753
2.71351
81.603
64.8937
41.8501
26.0236
1.55967
64.8225
60.6115
29.7198
139.485
25.5144
85.7518
8.54114
38.1029
64.6971
25.3518
88.0336
88.8864
73.2449
82.777
15.8543
7.17556
71.5085
55.7145
53.8697
69.8301
28.2168
1.01868
46.2856
33.5398
89.9036
80.0548
73.6541
62.5168
38.7672
42.8912
55.2219
9.59016
57.7729
67.8402
89.0369
82.7721
28.3281
44.7286
114.579
94.9931
16.7103
15.7881
8.14005
55.1454
91.5505
82.6475
13.5579
117.937
67.5638
54.1385
89.596
39.3419
74.2691
132.662
72.9659
112.011
34.5897
74.9328
20.9764
63.2426
93.2236
69.8242
81.4897
32.2144
99.3788
118.923
66.9386
17.5386
26.6225
25.2748
40.2261
70.6705
81.6377
92.3915
43.2591
46.0942
54.4856
30.4991
26.8149
3.94058
77.0227
72.4601
69.3565
48.4077
87.1703
56.2351
45.6337
59.6053
35.232
30.234
10.8846
44.6298
50.779
12.3743
95.386
50.4921
75.5414
28.2487
51.4163
99.7988
37.3076
44.165
102.513
74.2767
10.4053
55.9181
72.0339
118.267
86.791
30.8195
82.9013
87.5412
56.3767
60.0074
59.5757
85.1017
56.9328
72.7963
32.6165
6.26929
86.1513
51.8904
109.932
84.1313
38.3544
79.4726
79.8485
84.408
130.489
7.59377
79.6242
44.9818
45.4071
59.2857
53.5373
77.0958
42.2997
39.6258
99.0245
84.4922
67.0653
17.7918
172.229
MET does not have solution even after MET smearing.
The solution is returned as if Delta was zero ...
5.18425
56.1962
26.6823
27.446
65.016
103.399
45.9718
40.5848
49.9459
47.8381
89.1937
5.32928
55.7252
83.6408
82.6716
78.697
50.5618
58.542
46.0837
33.045
99.6076
65.6301
5.03622
38.083
64.1502
47.6717
55.3202
63.5483
97.1129
80.0097
31.6248
91.2309
55.2611
73.0344
63.6483
53.0017
59.1156
70.1792
47.7338
68.124
27.289
41.3146
71.161
63.1681
42.1011
96.084
53.0558
52.1158
91.3581
16.1974
30.1222
30.497
61.2114
118.016
88.0227
113.686
68.8703
49.3883
56.2785
19.8166
81.8291
65.3253
64.4737
30.1598
11.2727
112.798
21.8778
68.9086
75.0447
52.8407
34.4677
45.1949
28.9161
19.7893
73.3838
91.0538
63.7108
106.288
39.4517
34.037
29.3906
119.855
81.0514
41.8241
61.957
66.8828
88.948
7.86176
56.2144
132.346
19.2941
17.2047
111.422
81.6968
24.8052
55.4828
50.5767
98.4548
55.5953
73.1988
58.0268
88.5317
8.14548
30.4957
33.5595
15.8414
17.7535
71.6945
76.2584
44.7241
5.79884
53.0885
80.0363
63.8897
87.274
108.953
84.5089
55.4274
3.16279
0.59313
38.2417
33.5208
50.6191
75.7092
130.32
129.218
20.6677
71.9889
132.137
4.66355
18.0676
122.873
2.29588
101.963
40.3388
43.7349
26.5573
66.6833
48.9492
48.0348
8.78038
63.6161
62.8135
1.22351
18.3288
21.8491
19.4771
98.9382
36.061
8.94302
197.224
MET does not have solution even after MET smearing.
The solution is returned as if Delta was zero ...
37.2538
78.0585
43.3687
65.7632
8.90773
318.711
MET does not have solution even after MET smearing.
The solution is returned as if Delta was zero ...
37.224
133.656
33.1212
43.8366
68.7915
45.7008
88.1685
78.9091
68.639
114.749
17.9994
81.9654
73.1704
98.0876
69.2549
93.4996
56.6328
71.6632
72.2303
63.0503
116.23
52.4968
44.0191
63.3376
68.1658
50.5041
65.3615
81.1789
41.7966
50.1927
76.1193
57.1204
72.0155
63.16
15.0053
34.3146
62.538
77.8718
62.9996
77.3537
97.9093
7.31928
69.5549
121.554
15.1856
118.295
52.5848
15.175
0.390711
28.5512
27.2758
32.4162
36.9807
63.8379
87.5899
39.1557
75.1418
92.7701
46.8668
60.9151
167.569
47.3507
157.889
MET does not have solution even after MET smearing.
The solution is returned as if Delta was zero ...
14.1703
31.3628
20.2417
37.3404
29.4534
6.62885
19.3409
51.2389
136.85
51.3649
97.4887
87.0382
49.8463
75.5447
37.8263
100.383
45.0444
70.4779
76.476
85.6142
192.188
MET does not have solution even after MET smearing.
The solution is returned as if Delta was zero ...
74.937
42.0953
56.5289
38.5913
2.24232
10.4128
53.408
133.585
76.8261
41.6367
116.302
10.6666
83.9872
56.309
92.5782
48.2722
40.2449
80.1116
71.6714
98.6853
56.7814
82.3885
82.3993
95.051
54.7421
25.2118
14.6773
83.4141
66.9313
104.318
106.255
61.8519
2.25644
54.0612
43.8779
39.0028
54.0178
49.5883
11.3904
118.216
64.1965
54.1011
35.0282
59.6458
20.7466
5.02701
41.5404
69.2078
before closing file input /home/nadjieh/work/samples/postMoriond/Aug2013/WZ.root
before endjob
