**************************
SYSTEMATIC SITUATION: 
**************************
JESDOWN SYST
**************************
file number 1: ~/work/samples/postMoriond/Aug2013/WW.root
I am in tree = 0
inDirect
treeName: WW_2J_1T_JESDown
WW_2J_1T_JESDown	0x2056f90
0x2056f90 tree afterward
WW_2J_1T_JESDown
2428
68.9547
51.3328
123.21
MET does not have solution even after MET smearing.
The solution is returned as if Delta was zero ...
15.4789
45.1268
41.5991
12.8269
80.4973
37.0377
51.6667
21.5832
63.1009
89.2922
55.8088
14.2374
58.6338
37.5771
73.5527
78.9496
45.617
93.8127
55.5628
62.3375
61.311
91.4707
20.0166
113.21
78.5687
173.206
MET does not have solution even after MET smearing.
The solution is returned as if Delta was zero ...
130.121
MET does not have solution even after MET smearing.
The solution is returned as if Delta was zero ...
60.7065
55.0083
16.0607
64.161
130.753
50.8261
14.8557
65.2468
17.7008
54.5729
45.5094
83.9491
48.055
63.3832
43.2186
86.5719
89.8562
104.977
2.92362
8.07616
52.9077
1.87835
62.6606
2.13463
61.9615
49.0661
137.635
113.225
77.7973
80.6345
83.1013
57.7909
26.963
69.6262
71.8667
49.308
36.1163
83.6067
12.1719
8.51122
56.5141
74.3616
2.84161
79.833
62.6677
70.2792
40.8554
59.3903
66.2429
71.1778
97.7363
45.9614
62.3101
82.3732
89.1185
42.8944
81.8653
73.868
86.9847
89.5989
37.1422
69.7468
14.923
81.2857
71.7299
81.3931
124.789
73.1988
62.566
35.119
87.6461
61.211
21.2641
94.3189
40.0067
59.3821
80.8646
28.2792
46.9295
26.8329
89.593
3.4783
36.3626
77.952
86.315
43.7913
112.145
88.065
37.9937
20.7765
55.7061
40.3029
77.1755
40.4261
51.2054
71.9355
30.6911
13.0379
85.8613
61.4468
47.5122
31.1295
91.7397
202.955
3.75442
86.9303
60.297
81.314
83.2535
101.683
24.7067
93.1226
22.2513
58.8962
76.002
49.0817
13.4536
77.8328
119.156
97.934
39.1869
83.2623
29.871
4.76576
30.5105
45.1567
72.6528
37.699
61.2905
82.8561
109.265
18.4801
66.4634
90.5868
67.5463
70.6176
51.9585
5.97571
32.6507
69.3159
25.5914
73.8038
92.5098
54.2905
98.5766
69.3699
3.50884
94.7465
129.846
75.8765
96.594
70.0353
111.76
69.7208
7.447
11.7475
11.0717
82.3282
64.7307
61.3738
125.32
57.9228
78.4236
73.9555
18.2274
83.8214
29.5015
38.5348
90.5246
42.2118
72.4579
34.9365
46.1094
94.4419
25.6161
20.7502
65.5218
72.8912
98.9935
49.319
89.087
72.7705
103.085
62.016
36.3613
63.0618
89.5657
34.7176
91.9511
68.4411
89.3053
59.6831
35.8257
40.2576
223.158
MET does not have solution even after MET smearing.
The solution is returned as if Delta was zero ...
58.6351
114.412
43.6648
86.1175
120.961
96.0848
62.5011
61.9987
43.243
32.7077
64.8745
39.6216
57.9644
73.5514
73.5627
79.8638
73.2092
81.9094
38.7513
44.4462
49.4262
54.7459
93.0371
71.9627
82.5888
112.777
80.6805
51.4585
114.586
148.514
MET does not have solution even after MET smearing.
The solution is returned as if Delta was zero ...
14.003
78.9257
38.8577
89.9927
73.8939
44.7559
58.309
21.5378
84.0863
49.7652
72.7343
92.6448
45.2069
56.1039
9.74392
71.2908
79.4911
68.2338
98.2147
75.3612
55.7102
94.0513
24.1125
46.4322
62.9432
62.1903
16.7763
15.1525
10.1837
50.9061
25.3127
67.552
62.949
64.5488
131.045
75.1655
83.5393
29.2501
40.5231
62.8134
14.2111
52.7098
136.401
MET does not have solution even after MET smearing.
The solution is returned as if Delta was zero ...
57.5221
78.1214
56.2659
55.0054
197.408
MET does not have solution even after MET smearing.
The solution is returned as if Delta was zero ...
66.4234
81.4718
81.2255
80.224
76.958
76.4847
73.5174
48.0461
50.0501
64.014
86.878
18.5882
60.9368
81.9575
96.2875
68.5363
98.2242
83.2526
61.9912
75.1153
62.5124
39.9118
12.1814
78.4646
76.3493
38.2604
48.9102
73.4106
52.7165
5.92117
47.9838
17.968
64.8632
27.3498
95.2282
65.145
82.0706
79.1298
116.488
87.4525
47.8299
22.1768
89.8115
68.9516
59.0434
33.4736
65.024
80.4581
91.0654
61.5123
82.7485
20.1101
91.1949
52.5417
79.8991
49.4574
109.326
10.4668
84.1862
64.5906
18.0523
16.2185
69.7085
86.5226
4.8933
75.6228
75.3606
7.98407
21.8798
65.7508
87.0881
30.5334
91.068
73.7819
88.6352
69.4586
3.24626
88.2633
64.3114
15.7719
77.9848
61.319
75.3461
148.997
MET does not have solution even after MET smearing.
The solution is returned as if Delta was zero ...
116.073
40.1231
14.2129
66.734
39.3962
87.4035
74.0213
65.4821
66.8479
111.863
93.74
84.5737
80.5074
80.2385
68.9415
71.1604
62.6985
45.6201
119.955
MET does not have solution even after MET smearing.
The solution is returned as if Delta was zero ...
5.45225
78.6976
73.3256
67.2604
79.9246
36.9983
49.3747
23.2765
65.3637
99.332
132.62
15.6121
52.7239
78.2434
112.927
50.1995
79.6193
93.903
66.1718
20.0417
81.9336
11.5254
141.392
60.0261
64.4318
84.9185
76.7305
198.68
MET does not have solution even after MET smearing.
The solution is returned as if Delta was zero ...
67.5859
56.0284
81.0169
56.4654
65.2309
66.0417
88.0685
51.3478
0.0262798
110.269
13.8527
50.3403
4.67267
90.4145
49.1795
21.0155
32.0736
99.3914
34.9741
68.1991
56.8479
94.3306
68.0366
95.7241
8.42199
97.1993
79.575
46.8178
57.1884
72.1244
61.9201
68.5302
75.7469
20.0515
76.2238
79.3216
41.8426
18.0326
65.0978
14.5467
22.0884
83.9024
61.551
157.052
41.9233
3.60346
84.4231
49.6943
15.7597
5.08102
27.654
85.905
60.3104
86.686
115.064
64.2877
49.8366
107.121
63.3695
8.7738
25.7587
31.9063
34.922
20.0106
82.1607
60.1561
47.4859
140.906
30.3473
20.3886
39.1473
81.1228
69.7474
89.7931
28.2377
3.77789
81.3984
75.7151
46.0834
14.8124
78.0362
59.5923
80.2291
41.3811
53.6048
42.0065
56.0241
58.2091
95.8677
74.1066
53.8344
10.6717
63.3638
103.09
34.0414
64.5533
89.6275
72.3791
2.01679
34.92
50.3929
102.393
25.884
56.5573
60.2799
46.0057
91.3077
94.6163
68.2977
109.094
82.6087
72.0644
8.73935
52.9453
71.0669
126.82
74.1509
81.767
81.4279
17.4546
71.9765
108.134
40.0489
79.9298
27.6258
25.728
74.9665
63.8584
101.122
113.735
79.5602
13.1339
87.7146
21.4656
39.3937
66.8873
44.5184
52.3878
36.36
22.751
102.458
30.7087
65.908
57.1275
12.235
87.8706
103.109
25.0684
43.1523
94.4415
47.1164
96.7799
105.361
94.9646
38.8695
89.348
59.7765
42.5595
81.3787
74.7539
4.29866
68.6354
71.5071
28.388
102.291
78.6224
7.70668
3.67961
99.4895
65.7641
70.3266
64.985
84.7648
81.7797
74.7335
46.1579
59.7014
20.3721
72.3556
76.1969
27.4944
33.5096
52.1455
40.9223
43.8783
86.5803
64.4319
88.1291
24.178
120.044
35.6306
64.5241
60.8198
87.4989
99.6845
94.8816
44.2068
79.9346
30.2425
74.6441
1.40484
32.7245
59.6389
54.9077
86.4518
79.1854
5.74376
49.4784
75.5801
65.3673
63.7968
91.6311
4.9647
119.017
83.8615
129.744
187.295
MET does not have solution even after MET smearing.
The solution is returned as if Delta was zero ...
90.7012
9.16958
82.973
64.5207
61.6506
95.2513
85.8185
69.6086
94.0343
170.885
MET does not have solution even after MET smearing.
The solution is returned as if Delta was zero ...
74.7307
49.6891
60.3118
73.2678
56.3246
61.3985
4.95657
86.6088
7.26588
94.5456
10.231
56.4377
70.4188
42.0911
51.0028
12.1785
21.2138
90.5987
88.6159
110.864
77.8031
75.7895
87.8326
69.9801
102.238
32.8996
6.90926
76.1714
25.0228
23.7291
36.1627
18.3115
63.0022
80.2198
77.5703
73.2342
48.0109
44.9332
110.965
59.7109
81.7486
30.1323
61.0074
14.6981
43.7958
14.577
103.079
73.4518
42.1336
86.6345
82.6784
84.8883
73.1359
98.3219
49.8331
72.0283
84.8778
103.385
86.0074
86.6017
88.3473
39.0089
83.8102
10.6135
105.251
67.4518
59.6293
66.2529
90.5007
54.6558
99.0503
82.1771
43.5796
96.8029
34.7442
32.9245
62.0503
44.5042
97.9479
74.4393
19.5421
86.3334
69.3007
78.404
111.501
73.4208
9.00642
52.877
50.5524
76.9317
78.4043
103.653
52.1121
40.4529
65.014
19.5529
52.2918
57.2475
72.0257
256.073
MET does not have solution even after MET smearing.
The solution is returned as if Delta was zero ...
65.6349
66.7653
69.3822
99.6301
97.5101
75.0367
116.978
48.4248
69.0834
0.714447
55.9135
60.3561
21.4377
70.5151
80.1857
8.24517
91.6091
66.6328
58.9833
44.9744
17.0082
203.848
MET does not have solution even after MET smearing.
The solution is returned as if Delta was zero ...
68.219
79.8641
36.5552
43.4949
58.3919
47.1075
84.2256
113.508
50.8252
5.22095
58.0021
37.4164
79.3523
105.512
51.7427
36.6655
82.9682
106.459
80.4152
45.0021
79.2276
74.7024
54.084
78.6812
104.399
59.2145
73.0467
103.75
111.069
70.4982
88.4734
82.4063
49.331
2.05232
16.0272
84.4584
61.1155
151.467
99.5492
75.4015
64.4405
23.6075
90.5978
40.2172
76.8827
17.207
45.5466
22.1256
60.5904
113.655
70.9517
9.98756
0.632095
39.7698
77.2604
66.371
51.3467
130.9
MET does not have solution even after MET smearing.
The solution is returned as if Delta was zero ...
57.5867
41.6771
87.8221
82.6779
37.6307
0.668452
161.956
35.2621
40.3225
40.3465
82.8922
48.566
49.7095
108.345
79.9922
37.2765
55.3341
59.5462
104.375
92.9608
9.38156
313.588
MET does not have solution even after MET smearing.
The solution is returned as if Delta was zero ...
64.2164
58.2547
45.5424
70.7284
71.2486
106.095
84.6563
54.1673
69.7348
85.6744
92.7781
49.8605
85.9808
62.6253
54.7846
81.0159
60.6302
56.4632
80.071
8.81751
89.515
4.42736
63.3965
2.69192
28.6924
88.4423
97.7375
99.3437
66.4264
147.426
MET does not have solution even after MET smearing.
The solution is returned as if Delta was zero ...
106.481
0.742068
41.177
59.2492
111.985
32.0027
33.7967
91.8072
114.952
57.7761
32.0467
28.9709
76.0253
83.707
1.7954
37.7909
99.7495
55.5265
79.4489
83.5449
91.6943
106.226
66.8378
61.0802
83.5036
100.776
90.8284
85.3265
129.394
6.06597
77.8113
7.91764
60.4082
58.1276
74.5593
8.91066
29.813
45.5883
47.9064
57.7167
79.9077
80.4903
87.9208
69.1462
31.2256
9.16061
15.7983
31.5877
7.94227
22.5221
91.6692
13.7736
94.4228
84.3537
37.8326
38.4587
59.2105
7.76665
45.0708
53.6536
39.7295
16.5231
81.1513
38.3418
74.2082
67.1542
66.044
81.9027
15.9563
41.3733
69.4653
68.6713
70.0569
94.6179
73.9358
52.0523
39.9353
12.85
101.412
53.1752
36.6818
9.7925
49.979
6.20324
58.1369
60.3043
54.5465
56.8834
47.1199
5.20754
43.7344
70.5999
0.231426
24.9526
72.7369
88.8524
38.3505
34.0489
82.3654
83.6376
99.3209
67.6361
19.6216
62.8947
43.3011
85.1144
58.7469
73.6491
79.3443
77.7155
63.8537
95.682
80.6865
87.0689
67.1344
69.5079
112.49
66.4526
31.103
137.187
MET does not have solution even after MET smearing.
The solution is returned as if Delta was zero ...
67.3082
54.6217
18.4199
76.2137
30.1555
82.9436
79.6239
49.6509
345.136
MET does not have solution even after MET smearing.
The solution is returned as if Delta was zero ...
49.4784
77.145
60.1042
95.942
76.6831
43.0293
16.3893
42.9929
51.7561
85.4317
79.0531
68.6828
89.0554
6.63463
103.976
35.2586
97.3345
94.1178
86.9416
73.9787
44.1325
65.4196
11.9413
92.7393
43.3428
71.5965
90.5425
75.6439
92.2536
74.9961
15.9406
96.2018
113.394
92.9811
53.13
76.9767
34.058
16.1328
38.5061
48.5679
86.6897
66.1447
134.057
52.6278
31.4672
24.3246
70.9235
84.7525
43.4464
72.0369
88.9716
46.5231
62.4907
56.6542
65.7868
41.7359
24.1731
25.1045
161.534
MET does not have solution even after MET smearing.
The solution is returned as if Delta was zero ...
62.5523
74.0563
99.646
20.1402
66.3277
55.3356
24.8385
68.2057
64.8411
83.3658
43.1364
51.1811
10.0296
31.8946
101.138
67.78
79.7435
84.5806
73.646
64.0032
75.4972
18.7002
19.9311
103.851
21.5225
13.4505
51.1539
3.48124
87.0978
47.9796
68.4421
33.4715
93.2523
59.0924
90.7963
81.4018
81.3006
76.2216
22.022
70.7501
45.7926
108.013
93.6723
68.4169
48.8581
84.1413
88.3322
64.8541
51.3396
71.3595
21.4964
44.7496
83.8331
84.7377
63.8479
19.3524
72.5988
110.926
94.392
64.3484
67.8563
83.8883
98.7671
68.5959
9.71278
72.1843
44.2284
61.5681
19.6864
107.733
58.5107
17.9286
92.8133
88.1565
34.5129
85.2257
76.1316
85.4358
214.97
MET does not have solution even after MET smearing.
The solution is returned as if Delta was zero ...
84.8835
57.8018
74.6511
66.7699
86.9304
94.226
77.3024
75.6407
69.4632
84.344
88.4144
72.71
79.6873
28.3273
12.1619
50.4735
72.5517
88.1582
78.2236
21.1893
66.535
55.8256
58.7986
101.745
70.7205
39.0834
81.773
15.8177
79.9849
86.1294
109.456
85.0028
38.8078
91.0407
17.8766
43.0743
53.0396
43.3513
29.0829
83.1138
2.61279
51.7589
65.0423
37.7464
63.7809
58.9362
51.5005
54.4465
101.864
28.5551
97.7882
104.031
108.001
80.3357
90.0852
117.71
35.6849
119.784
63.2025
88.3731
92.0996
37.2603
98.2374
5.4602
53.759
51.9014
74.6378
49.5856
75.3887
32.1407
86.0635
45.9714
99.7376
47.411
76.6253
54.6822
150.301
101.841
32.2322
9.23063
81.7525
37.9962
47.29
88.3066
63.0178
73.1249
60.892
67.2612
56.059
94.0365
24.8697
0.00156992
83.8515
62.2783
64.8874
7.81414
54.2424
67.6596
61.9201
125.144
95.7242
69.1294
33.4852
108.405
55.6379
13.7711
37.2851
47.9059
62.6564
77.7235
89.0152
75.9805
56.853
7.47936
47.5492
93.2553
59.8897
59.9011
91.3295
48.7667
86.1271
4.3572
52.7179
25.926
67.1769
57.5027
87.0818
49.3311
85.2722
4.90499
104.197
25.4742
47.3975
29.9233
49.4693
37.8397
16.2508
17.4753
27.5777
84.1994
51.5409
86.9786
45.6363
85.8001
60.2222
46.2192
15.0112
83.4959
107.879
49.6384
54.2772
41.674
58.6365
34.8042
90.7066
48.5909
99.0069
18.3832
52.6012
57.2437
6.62647
9.37212
8.64286
33.5869
49.9028
103.497
96.1096
30.615
69.9417
67.3963
107.898
25.9292
87.4858
14.194
16.233
91.6793
45.832
57.5552
90.3344
9.1391
4.03325
98.3082
78.4329
76.2755
23.3684
87.7695
80.6919
66.8496
80.1784
58.5436
78.5493
52.2646
13.1532
143.334
MET does not have solution even after MET smearing.
The solution is returned as if Delta was zero ...
97.1379
69.362
24.0039
86.5965
64.0518
113.139
84.3909
39.1986
88.435
47.9952
79.53
59.6405
57.7797
21.8431
53.6853
6.68694
97.5613
74.4523
63.1237
63.0611
71.5608
93.0561
67.9262
45.5082
82.217
65.0944
79.3295
84.0432
65.2447
78.2115
39.1331
111.685
82.6931
45.7344
45.4957
34.0512
64.9244
45.5712
2.50344
88.6763
86.986
56.4011
0.205972
84.263
103.602
114.541
100.701
62.5854
86.96
97.5693
73.1544
116.202
73.0685
53.1769
32.4057
76.306
66.5188
73.5351
51.2139
44.4993
33.7409
22.8278
24.3661
86.5794
70.1978
25.0078
31.2789
46.1719
109.445
93.7029
73.8034
91.7554
77.2693
11.7747
229.638
MET does not have solution even after MET smearing.
The solution is returned as if Delta was zero ...
93.305
53.6786
77.4172
25.9534
46.8872
57.0886
102.887
77.1868
56.4375
84.6655
40.5947
42.7893
58.2969
57.9639
98.8622
17.2193
79.655
54.3362
106.551
85.6978
36.0038
40.5516
70.5476
107.918
19.7011
82.5617
96.7898
79.1065
101.224
14.3331
70.8704
13.6089
69.8762
74.4434
92.964
67.2247
11.4126
57.5381
61.6058
45.1324
260.05
MET does not have solution even after mW smearing.
The solution is returned as if Delta was zero ...
MET does not have solution even after MET smearing.
The solution is returned as if Delta was zero ...
116.408
67.8654
95.3073
78.6463
93.3646
52.6533
23.7882
70.6515
45.0082
68.8029
50.4191
78.8245
95.3755
88.9829
91.7966
84.0244
32.8076
88.1383
53.7982
67.3754
70.656
48.2048
95.1725
114.579
58.7986
64.613
102.71
29.2629
61.5205
60.3477
77.1101
75.2327
34.3191
89.3608
29.094
74.5784
57.0176
16.6349
45.5594
72.0816
75.6112
26.6317
84.4916
57.5794
93.8977
10.3676
54.8221
95.4192
73.7544
52.1072
36.3159
101.076
24.2334
59.8387
70.0309
42.3251
85.5514
46.0227
96.1086
26.9805
87.9474
92.286
27.7306
67.3883
88.7995
58.7758
2.33326
58.2216
67.7849
58.1384
68.1168
100.083
89.4774
35.4267
59.829
92.1463
73.67
78.6838
99.9143
53.0165
39.6005
35.9852
27.639
80.512
80.0695
67.2068
294.558
100.696
11.2885
64.2473
68.6995
82.0622
72.4695
72.6341
46.8273
44.6743
38.2402
68.2909
51.9365
76.2799
43.6403
96.955
23.6657
302.905
MET does not have solution even after MET smearing.
The solution is returned as if Delta was zero ...
57.3678
94.2846
66.5992
34.3213
35.0547
43.6023
304.313
13.8829
58.0414
29.4615
87.7525
60.8538
38.5016
72.548
92.1344
42.761
56.8176
54.335
29.9129
76.8117
51.4522
64.8574
79.7934
118.982
73.0791
70.9628
32.2831
101.684
93.0262
67.284
21.5306
33.5456
89.7518
52.5059
4.55281
36.6255
96.4169
33.1457
45.2422
92.1501
22.576
25.2915
86.8626
70.4273
76.4068
41.8406
24.6843
144.406
23.756
72.1331
84.4026
68.6499
31.6763
15.8184
20.4818
72.0878
9.97931
89.6103
117.569
114.419
56.1672
86.7917
45.5146
55.7546
21.7219
40.4367
56.7957
78.7396
52.0553
31.0124
9.20711
118.019
81.0957
63.2664
58.2302
54.1596
26.388
98.9532
60.9533
36.7423
88.1992
74.6024
44.0273
20.549
15.1322
82.8341
62.2732
79.9057
75.907
102.107
11.8461
30.2638
73.6536
128.628
88.5856
46.1313
37.9806
79.0899
79.7066
10.5827
90.068
60.5217
72.2041
46.6753
79.0971
33.6797
75.7062
143.123
MET does not have solution even after MET smearing.
The solution is returned as if Delta was zero ...
65.6797
5.10951
77.6251
76.8757
43.2332
94.6997
30.8957
80.8439
93.3474
72.8551
14.4377
67.1321
9.75864
31.5076
69.1202
100.288
51.4014
83.4787
90.1981
26.2357
66.3214
47.0522
62.3307
23.6899
47.5542
61.6997
23.7509
57.3179
66.8655
53.6702
69.6822
45.042
122.166
132.431
46.1906
0.8046
8.95984
57.8821
51.9446
51.5021
83.5778
26.0333
197.869
75.3278
78.1682
6.8496
17.3223
77.9316
88.4176
68.2732
92.9285
79.2216
26.8919
40.4623
58.6311
77.3626
31.8254
39.0875
54.8943
58.3796
101.02
43.974
64.0411
42.6805
50.3455
88.2609
75.3667
76.2095
27.2389
41.1386
48.538
59.2538
50.1594
104.355
12.3593
119.406
77.165
126.147
70.9937
1.47465
75.0878
64.8855
71.8409
42.4671
73.4481
89.117
61.2
55.32
50.4012
55.3343
79.3921
61.9459
68.6264
81.3371
89.0511
17.3397
53.6685
41.4944
84.0883
18.2696
43.1276
35.3081
7.02218
5.82196
24.7711
42.1619
38.3487
22.4445
111.572
447.612
40.082
6.87642
13.618
88.235
61.6188
1.33829
76.7189
108.2
81.7362
59.9547
86.6284
89.8252
133.407
69.333
78.5408
57.5219
60.164
73.9655
92.9264
130.718
102.387
48.0794
11.2642
37.3097
111.439
9.04672
69.6826
71.6122
76.8602
95.097
96.6191
91.4173
147.012
151.036
93.9312
26.5127
52.8755
64.4172
52.9554
17.0716
96.328
51.4705
13.796
69.7223
24.9683
1.21905
74.6369
92.5808
14.3797
13.655
39.0733
62.0287
71.7216
90.8718
62.9632
65.8902
49.79
75.5801
188.112
MET does not have solution even after MET smearing.
The solution is returned as if Delta was zero ...
77.4579
33.9461
117.242
56.6121
42.3527
154.93
102.752
65.5273
81.077
56.0132
105.025
37.4989
34.0725
49.7975
89.7219
54.7295
22.5693
36.5587
65.0423
98.567
79.9445
36.1408
85.0253
22.0029
85.0492
116.226
118.684
30.19
82.0214
62.7028
54.0185
22.0463
71.4584
90.6479
79.5478
69.7779
71.2976
38.0523
51.2017
66.2141
15.2244
39.2481
69.9664
200.311
MET does not have solution even after MET smearing.
The solution is returned as if Delta was zero ...
76.9344
92.7845
110.853
56.7531
0.768921
27.1943
101.722
28.3513
111.805
105.23
75.5918
58.0442
178.335
MET does not have solution even after MET smearing.
The solution is returned as if Delta was zero ...
88.3522
48.8037
64.6423
49.5715
60.2924
89.387
20.4833
116.628
75.2799
86.0698
84.3964
70.8925
51.6949
64.9332
12.2854
80.7726
74.5727
76.8404
68.5766
59.1671
1.31535
116.379
20.4205
83.0868
86.1043
34.325
56.6897
47.6062
35.2351
26.7629
19.8466
33.7487
71.6054
26.9422
86.1254
81.497
28.7579
72.9252
77.7306
43.0558
85.4167
56.8154
112.219
4.13146
64.8582
45.7764
14.8468
65.9551
119.137
89.0743
39.7801
22.2594
26.7347
3.72926
14.8098
86.9803
85.5945
33.1804
69.7595
65.6151
76.3769
80.4003
58.4927
102.958
6.46425
67.1187
49.9305
50.6107
46.2786
141.059
35.2917
111.482
35.7502
68.6587
84.4048
60.2512
81.2085
96.5993
83.5281
93.7181
33.4902
67.9273
74.3392
71.6332
82.2374
13.5481
170.987
MET does not have solution even after MET smearing.
The solution is returned as if Delta was zero ...
74.0792
114.167
77.2404
32.2145
94.9039
70.5826
147.144
88.9481
89.3363
59.1752
58.3657
94.3484
101.476
31.3943
11.9206
18.393
31.3337
104.09
2.38318
74.494
41.3341
3.29871
63.7279
58.783
59.2868
51.2643
74.3642
79.2157
8.54983
60.1185
41.5611
32.6854
58.9626
149.966
85.6541
34.4425
26.6681
9.99128
27.9035
57.4034
77.2555
74.8856
77.2722
86.8865
204.129
MET does not have solution even after MET smearing.
The solution is returned as if Delta was zero ...
44.984
127.712
37.0348
35.5136
62.7898
114.539
61.7256
3.30807
79.611
53.1055
55.9928
69.3837
50.4667
49.3032
39.9865
76.4683
91.3523
96.2917
5.84764
52.48
68.0112
111.206
90.9854
12.7137
69.8596
113.209
23.9959
142.219
MET does not have solution even after MET smearing.
The solution is returned as if Delta was zero ...
54.9976
58.3821
99.8896
115.155
55.5916
86.535
52.7518
10.6802
87.9863
116.87
15.91
63.0719
47.7024
32.8632
63.6827
113.991
147.484
MET does not have solution even after MET smearing.
The solution is returned as if Delta was zero ...
10.892
5.23885
76.124
43.093
93.1528
62.6856
47.3909
42.9971
83.1841
82.087
4.20182
72.011
34.3608
51.8043
56.1179
54.8064
88.7744
59.5942
34.9377
41.8213
64.8009
178.042
MET does not have solution even after MET smearing.
The solution is returned as if Delta was zero ...
152.179
MET does not have solution even after mW smearing.
The solution is returned as if Delta was zero ...
MET does not have solution even after MET smearing.
The solution is returned as if Delta was zero ...
104.008
107.011
75.4402
26.3354
100.577
91.2167
20.0796
94.9023
67.4327
21.6188
89.1462
96.9191
32.9376
47.0696
42.6124
109.639
77.3353
93.2892
74.0114
25.3743
5.37455
81.6129
54.0737
82.5005
84.7796
102.066
33.1735
54.2038
45.2888
108.243
65.2869
84.0296
85.2525
58.4432
61.6813
82.3012
65.1862
98.1148
80.2711
81.2324
37.6111
58.4734
155.623
MET does not have solution even after MET smearing.
The solution is returned as if Delta was zero ...
24.9793
21.7021
2.16198
82.6503
1.56026
66.546
49.0153
70.9908
85.8797
77.4665
64.0145
38.9039
12.2806
58.3264
108.515
36.7317
58.4294
136.532
26.6467
84.7085
61.7507
75.2576
66.2898
86.6657
39.8995
35.9089
69.105
31.7834
56.9331
75.8149
53.6902
52.1631
121.338
84.0757
63.7929
20.9432
84.143
116.654
79.3794
50.0991
93.5011
65.3487
58.983
105.681
63.2809
82.0619
21.5215
101.2
73.9819
114.812
112.143
88.9992
139.698
55.6873
60.6292
29.3621
37.9079
40.8582
43.5176
30.9189
57.0814
28.7856
66.8557
72.4224
72.1896
104.696
42.1604
76.7438
111.043
80.0197
97.3456
87.182
76.9211
38.6051
68.7265
14.1896
42.9666
33.1116
89.0988
72.8647
94.3575
102.548
79.2812
80.5667
65.8455
65.6699
4.47489
58.5403
128.809
MET does not have solution even after MET smearing.
The solution is returned as if Delta was zero ...
34.8624
49.1462
88.3642
79.9023
52.3844
38.1294
85.5354
27.5724
68.979
55.1515
101.224
41.7041
72.3039
133.449
MET does not have solution even after MET smearing.
The solution is returned as if Delta was zero ...
74.7156
82.2092
71.1601
58.1486
23.2732
72.5853
109.562
135.954
89.4304
74.6059
138.249
MET does not have solution even after MET smearing.
The solution is returned as if Delta was zero ...
85.4742
54.5926
57.1549
35.0018
84.3787
109.886
17.0522
72.2777
48.3712
15.4092
0.191756
57.857
126.702
119.267
8.28545
66.3835
24.3231
31.6064
103.433
30.7651
56.1964
18.1994
75.6
77.8766
35.1068
50.3183
23.3996
75.7274
64.1697
70.2949
73.7829
34.4087
44.1984
34.887
95.9319
79.2617
68.1402
9.80219
81.0224
12.7685
83.3092
91.6669
65.7827
16.6523
8.77362
129.44
4.55353
101.093
63.1763
5.89696
92.6869
112.585
49.9018
89.7023
7.41957
112.368
10.4682
24.4812
22.2584
39.623
72.9996
32.2325
77.5235
52.566
62.4842
27.1049
110.412
59.0076
8.80646
41.2448
135.964
MET does not have solution even after MET smearing.
The solution is returned as if Delta was zero ...
78.4556
82.7684
94.832
56.3549
52.5547
27.505
3.31133
48.1189
18.4068
80.6768
50.077
79.9279
86.4978
87.5114
69.7707
18.2817
20.0029
69.519
84.78
84.5764
19.8736
116.282
66.0721
36.2702
85.3396
82.0262
96.0562
67.7773
12.8829
6.35298
18.2237
34.2176
50.2496
62.1567
59.6884
130.434
53.9245
95.267
57.5795
46.4718
72.5053
85.7307
92.2572
72.6226
70.1104
56.1137
74.9186
85.9591
77.5538
44.9155
50.3363
168.065
MET does not have solution even after MET smearing.
The solution is returned as if Delta was zero ...
93.6277
69.7438
85.4959
23.1897
61.027
52.2747
61.7899
65.698
30.2517
73.105
66.0862
74.6423
33.5627
64.793
86.4511
18.5622
14.7319
6.57532
6.2833
100.38
136.367
MET does not have solution even after MET smearing.
The solution is returned as if Delta was zero ...
0.413034
140.805
52.7698
58.7041
54.3694
58.1318
80.7751
78.6417
93.1381
12.6401
63.956
202.57
110.65
96.9633
62.7684
46.7505
64.2188
28.7232
30.2499
before closing file input /home/nadjieh/work/samples/postMoriond/Aug2013/WW.root
before endjob
