**************************
SYSTEMATIC SITUATION: 
**************************
JESDOWN SYST
**************************
file number 1: ~/work/samples/postMoriond/Aug2013/ZJets.root
I am in tree = 0
inDirect
treeName: ZJets_2J_1T_JESDown
ZJets_2J_1T_JESDown	0x1611570
0x1611570 tree afterward
ZJets_2J_1T_JESDown
1186
21.0388
104.752
87.1079
18.812
77.0301
66.2214
41.7678
104.825
53.9127
2.94847
63.5743
45.5143
23.7748
69.5289
65.0117
29.0726
37.6243
88.5909
20.4502
60.605
17.2187
78.4205
63.3537
65.2276
59.8715
70.3822
15.475
7.84829
26.0145
68.2761
20.285
48.265
54.9577
100.996
72.7127
40.2924
71.8181
93.6063
8.09011
51.4783
4.75064
7.29998
78.5089
21.3867
123.786
34.5524
35.704
73.9852
7.41286
14.3236
57.7422
14.5797
108.01
56.9192
171.896
MET does not have solution even after MET smearing.
The solution is returned as if Delta was zero ...
53.3367
1.10885
34.6318
94.4887
4.2911
59.9075
24.762
48.0714
3.4697
28.7137
47.2642
52.5916
68.348
31.8916
32.3404
11.3451
25.659
34.4409
28.1514
4.27006
11.465
18.9265
66.5263
71.8424
106.499
5.68935
40.4015
25.027
19.4525
75.4429
20.8539
24.5321
79.9095
39.8218
8.8917
20.9038
98.4633
10.3634
84.4526
49.8882
73.5276
41.0229
46.6037
82.0849
77.9036
12.0697
30.4115
58.546
17.7915
51.2269
49.2511
42.4786
57.1929
15.2822
75.4492
112.538
34.9988
6.64176
46.3083
37.5334
50.335
8.76472
66.3774
120.662
41.9798
15.0299
74.308
59.0155
58.3856
105.291
84.9058
59.4089
81.0757
59.8812
30.7712
66.3459
18.9667
101.453
39.2196
28.8875
89.3545
2.12817
72.0057
15.5897
76.6873
27.6204
22.6855
13.1939
52.8825
4.81212
67.2096
20.4866
52.1276
8.42685
72.1779
1.67822
27.0771
24.2678
96.7688
5.51345
69.483
24.4975
16.2305
26.9893
9.63933
34.9621
56.769
72.6081
69.1025
64.6184
69.6635
44.9374
25.9598
7.5964
5.542
49.1474
83.724
63.5915
55.1868
31.3202
11.5944
54.416
30.1832
75.7249
55.8775
77.2251
18.8719
36.3204
65.9617
21.8156
17.3952
14.1183
15.3836
51.1054
42.3139
11.0783
28.4295
10.7993
17.0425
100.265
33.6602
53.0063
9.74166
39.2554
1.54347
26.405
62.9756
119.036
40.4208
13.5037
15.047
38.0081
54.9296
30.9722
30.8087
57.4111
62.1776
72.217
153.39
5.47792
12.6462
7.4968
59.59
10.7718
22.1118
23.0193
6.92573
81.7585
37.7067
13.2159
42.3155
71.5759
32.4121
0.564447
23.0443
71.417
6.27751
18.1797
25.9601
3.49521
30.737
55.9988
52.4852
14.3772
76.933
20.1686
45.0123
81.4698
22.212
11.3231
38.8253
32.0249
63.5034
57.6614
20.0309
11.8527
65.0891
67.9399
34.0262
19.6193
26.9926
55.9585
14.3657
52.0182
8.24103
24.5065
70.7293
11.506
8.46247
125.362
43.3707
39.8052
82.8273
76.2936
21.7742
41.8013
7.67149
106.188
25.2116
88.631
5.09317
24.4294
12.2244
100.144
31.1886
22.5954
0.307693
56.4632
2.35283
128.262
38.9053
4.35674
39.6259
18.8339
10.1849
91.2453
7.92248
20.4127
40.5131
51.5019
115.015
19.4317
1.73443
98.4052
2.43559
27.5174
2.46792
62.455
3.19851
95.4273
11.5882
23.7521
25.8631
1.8931
13.3588
107.759
102.689
25.7257
60.5342
7.36717
18.5726
58.7823
61.3489
32.0602
44.564
1.38926
17.8813
48.5795
3.24514
45.8202
7.90837
28.9942
35.0511
52.8869
16.3562
5.87883
8.38431
69.3231
36.5051
48.7998
27.1979
88.9237
51.9733
28.2785
65.1917
16.3647
107.293
58.5437
108.271
104.763
97.5233
10.4509
51.2886
40.7095
7.87849
53.7205
35.1209
30.2323
26.8006
32.1862
103.973
97.8891
36.4099
69.2423
41.7264
43.6314
38.976
80.5671
33.7769
10.0422
2.24803
19.4336
10.9792
295.609
90.9036
41.7352
2.63876
15.3536
16.1452
57.1346
38.3636
18.2333
52.914
147.814
71.3328
86.0636
33.0052
37.2012
78.107
23.6526
29.1699
87.7644
25.9608
41.8564
11.5972
36.2191
0.295148
7.0672
48.8942
151.368
MET does not have solution even after MET smearing.
The solution is returned as if Delta was zero ...
75.8568
47.4157
101.301
21.3644
59.7212
6.63552
122.178
39.7941
4.15194
34.849
3.32063
32.3675
21.6386
42.0831
45.3213
12.7076
22.4938
13.9108
8.51495
47.9275
13.7717
75.0213
4.91445
34.0363
79.536
123.091
29.6952
34.583
64.027
61.3806
49.8601
18.9441
37.1931
68.2769
51.2009
88.147
26.191
24.7319
125.579
35.2822
70.3489
50.9186
31.0168
51.9878
114.162
64.272
7.90598
18.3042
75.9518
5.92549
43.5913
81.6812
16.4068
18.2361
11.1073
65.0826
64.6712
15.6616
35.0698
50.4088
35.9997
157.528
MET does not have solution even after MET smearing.
The solution is returned as if Delta was zero ...
52.0975
58.7357
69.6205
11.8325
24.3513
33.534
72.8691
29.8225
43.3474
39.301
56.7338
47.6182
45.0729
22.7207
93.1649
59.4933
43.5821
46.4607
182.434
0.0884397
24.2335
45.0153
62.1807
26.1798
50.36
64.1486
27.4698
152.672
103.808
45.7264
98.5622
60.7304
4.14157
43.4446
7.60692
1.9995
28.4085
40.5027
33.1505
52.8369
100.744
26.9195
5.89294
34.6986
20.4737
11.5043
21.5431
69.3603
46.5407
102.807
15.8778
75.2584
29.7183
66.8046
28.8396
26.5776
55.841
45.1966
63.5448
70.1766
11.9116
83.9267
64.4899
76.0412
14.6459
33.4713
6.7114
5.23385
76.9175
105.909
50.6764
34.4316
87.0577
39.363
46.9516
6.69706
96.5587
96.9496
70.8615
107.977
6.68152
94.7642
91.5732
90.8261
9.0252
37.342
71.0632
41.7936
41.226
76.2926
48.4625
50.4265
45.7817
92.8505
50.4294
35.6568
45.7742
2.36947
49.874
10.6788
47.6427
19.8131
3.39664
60.8823
67.5321
88.0748
89.5124
25.504
43.6365
63.5939
24.0296
44.6411
17.5356
50.5565
17.8428
121.986
17.7375
19.9454
8.81794
45.0473
142.64
11.7023
60.0452
68.8316
49.478
6.8682
17.9039
11.4698
82.9162
33.7463
36.4576
49.4473
38.4095
56.2354
58.1982
63.1091
13.4802
25.0636
7.70945
34.9193
38.509
49.5493
36.8366
50.6331
1.31378
14.1625
29.825
31.4459
47.5129
78.2996
1.006
64.0686
40.335
8.50853
49.8667
170.932
MET does not have solution even after MET smearing.
The solution is returned as if Delta was zero ...
15.9741
76.8733
106.673
50.8401
23.5333
15.7332
31.7174
84.8989
9.88361
93.4102
17.1532
58.1242
53.0462
14.7273
83.5081
69.2837
95.998
33.9202
125.782
35.7254
59.0985
23.9495
39.8242
5.18573
48.0484
59.2652
101.635
20.5714
22.6803
131.002
MET does not have solution even after MET smearing.
The solution is returned as if Delta was zero ...
4.00172
92.8929
66.3926
29.2849
70.2251
79.2782
17.9788
204.068
11.7714
53.2224
84.9275
31.1043
35.2418
66.0093
51.8573
26.6314
146.098
106.04
52.6013
99.0238
101.973
19.8766
32.2384
10.8285
10.3273
45.0048
0.266353
99.1201
46.7568
70.802
26.165
8.51155
83.3027
36.4084
21.9636
52.2773
26.8949
95.0157
87.3412
19.4882
46.4382
59.0807
52.1949
25.6524
131.985
30.2418
29.5376
89.9029
6.43716
88.8488
26.9969
47.9831
23.3218
104.85
97.6509
58.5425
42.7648
90.7054
28.6895
4.3174
61.7588
35.6159
74.8251
64.9745
56.291
4.64673
25.6016
73.0653
66.2025
102.112
19.3999
46.3271
51.2292
47.0958
25.3521
117.776
76.1383
78.8295
61.4807
30.1225
9.85205
56.4612
14.9648
22.1174
29.5189
24.0887
68.2302
89.307
19.4994
10.0621
51.8327
30.7756
50.3094
19.9384
106.217
91.9071
36.8974
12.6471
38.5996
106.881
45.3997
62.7069
72.1969
131.859
14.0909
11.1345
26.2469
96.6447
2.97732
120.914
10.8793
81.5115
0.898522
53.6136
10.5399
39.1626
9.32954
48.2397
20.4424
10.3561
16.9896
21.1158
52.1013
33.306
68.8811
100.57
13.0868
63.4925
35.7706
22.8633
53.2055
12.4766
64.0114
41.3201
53.1661
34.6791
44.173
6.13477
0.0534192
17.4129
54.1794
17.2506
121.991
31.3077
6.02666
54.0253
14.8769
34.6872
25.0774
30.8166
25.346
92.7355
5.86207
70.4802
9.54252
74.8489
36.3684
92.7793
70.9424
44.8471
32.1466
6.23615
25.5612
15.631
85.6031
10.1226
14.1818
35.6835
30.7586
81.9553
40.9347
39.4007
89.4988
99.7038
24.4142
25.0791
39.5759
55.6774
99.6711
27.2772
24.4472
97.7994
85.655
14.4204
17.8488
6.65381
99.5691
57.3808
45.7192
103.087
84.3867
34.5227
86.9621
16.6692
98.6334
19.0638
89.5544
56.7601
35.4853
6.84288
59.188
13.9223
29.3013
25.267
248.441
MET does not have solution even after MET smearing.
The solution is returned as if Delta was zero ...
23.9382
73.3872
72.4849
80.2628
79.7159
39.0703
2.71326
53.5362
74.3508
70.8545
74.1884
0.133066
11.5819
58.7523
16.9976
35.0401
71.687
53.1046
25.9646
12.577
44.362
0.595069
24.2565
38.2147
29.332
37.669
42.068
36.7765
7.66424
52.836
112.177
MET does not have solution even after MET smearing.
The solution is returned as if Delta was zero ...
46.7114
80.2805
97.2935
124.459
40.6135
92.9122
47.842
38.1367
88.1324
5.65085
98.0994
47.2072
67.4861
11.8413
57.898
14.7633
73.1203
64.4416
15.4032
20.1051
78.5895
15.0044
50.7855
41.1188
102.245
56.0641
44.7326
104.131
44.0914
49.4932
83.2541
49.8874
38.586
44.3727
48.3638
11.7616
109.946
77.7667
3.04549
100.752
55.6547
43.113
6.36731
43.6686
4.82195
14.2676
40.3569
99.0928
0.43783
36.5042
62.7829
89.8132
82.5266
6.8935
15.3229
59.1633
26.0325
19.4836
53.7244
35.0303
17.103
77.8389
71.0794
51.2002
31.382
1.14367
7.84668
93.0548
59.7421
6.16265
14.8738
15.2887
69.0547
119.026
7.37414
87.9101
24.157
122.023
100.709
32.6528
63.2528
30.0676
26.6953
24.9852
52.9399
16.473
38.0146
61.2044
35.8956
63.9355
11.8222
2.69726
75.9053
17.9086
23.2272
68.5032
69.0394
108.073
75.1798
73.8804
130.696
88.5995
70.721
6.10611
36.8261
72.5236
38.3779
102.069
45.0581
10.1053
39.3562
63.8238
41.7899
78.3397
65.079
40.0482
49.8222
10.5629
72.3551
128.752
MET does not have solution even after MET smearing.
The solution is returned as if Delta was zero ...
39.0078
21.43
2.35505
52.866
36.0297
42.2563
57.9632
8.7052
54.5318
48.3301
57.0978
37.775
22.7738
49.9446
69.9368
21.6089
30.1583
9.03176
16.4327
10.8502
55.7328
1.994
49.2495
29.131
1.03518
63.6963
32.7137
85.3064
20.1209
28.1012
25.0739
79.9854
62.4339
50.282
66.1226
43.4453
58.5869
131.526
30.1577
1.29461
38.1505
28.452
29.4375
44.6877
70.1764
46.7435
9.57737
64.5618
13.2157
110.546
50.5036
78.0435
11.1296
89.8743
43.0111
45.5568
119.648
44.9655
83.3366
13.5911
87.7706
36.9185
38.6693
52.8288
69.7646
47.0747
22.1278
22.419
60.147
71.8708
51.7596
6.03926
47.1416
49.5755
83.8649
44.5829
11.6902
37.0256
18.9132
12.0533
5.29209
122.445
0.352562
100.912
82.0887
19.8219
54.4873
63.4746
60.6322
22.022
21.4572
35.476
5.80871
7.83684
33.4608
49.427
61.9905
47.3709
84.8009
40.3565
17.3356
58.0067
90.7802
63.5377
24.0141
30.8789
8.91687
5.95798
60.7902
52.8605
13.0873
82.6005
4.32658
38.8981
19.7569
44.9383
5.10877
33.9865
18.7099
77.0338
43.8488
53.7828
79.4101
55.2165
94.7377
59.3233
41.1009
1.33596
46.2149
40.5389
69.1788
63.6826
73.4468
41.7536
12.7791
37.4787
70.6749
67.6524
31.3745
24.7651
13.6198
48.3805
77.8893
103.453
33.491
34.5531
86.6677
6.7625
51.4333
53.8438
56.9843
83.6525
30.0432
23.1139
18.7892
48.7586
28.2861
6.01878
35.0129
69.1762
27.3267
38.0964
58.7505
26.0345
60.7303
39.6542
40.209
101.23
36.4346
12.2703
25.7646
79.5329
33.3843
125.014
44.0964
121.547
20.9569
4.24433
18.4012
38.2201
42.5261
44.0943
80.8226
57.8722
101.17
65.1824
111.171
before closing file input /home/nadjieh/work/samples/postMoriond/Aug2013/ZJets.root
before endjob
